0.099833, -0.995004 
0.395354, -1.950341 

0.278388, -0.960469 
0.734192, -1.850549 

0.316908, -0.948456 
1.016804, -1.662700 

0.415034, -0.909806 
1.248367, -1.462577 

0.536820, -0.843697 
1.430067, -1.293262 

0.672830, -0.739797 
1.573128, -1.175070 

0.829603, -0.558354 
1.673288, -1.095193 

0.936620, -0.350348 
1.660029, -1.040767 

0.963090, -0.269181 
1.552019, -1.077365 

0.952761, -0.303722 
1.385241, -1.205365 

0.906332, -0.422567 
1.152763, -1.391727 

0.802607, -0.596508 
0.844586, -1.595627 

0.614884, -0.788618 
0.463350, -1.777070 

0.314091, -0.949393 
0.023239, -1.906161 

-0.139275, -0.990254 
-0.459874, -1.937469 

-0.620275, -0.784384 
-0.889905, -1.747348 

-0.864774, -0.502161 
-1.164515, -1.456182 

-0.961607, -0.274429 
-1.338032, -1.200877 

-0.992717, -0.120467 
-1.445394, -1.012141 

-0.998954, -0.045727 
-1.507974, -0.906482 

-0.998570, -0.053469 
-1.539202, -0.894728 

-0.988835, -0.149016 
-1.540936, -0.982794 

-0.939281, -0.343148 
-1.498629, -1.172081 

-0.766000, -0.642840 
-1.363008, -1.445075 

-0.405330, -0.914171 
-1.051490, -1.677372 

-0.040562, -0.999177 
-0.640621, -1.799133 

0.264209, -0.964465 
-0.196370, -1.852084 

0.503265, -0.864132 
0.255467, -1.832944 

0.668268, -0.743921 
0.679332, -1.743860 

0.755923, -0.654661 
1.040482, -1.613319 

0.760867, -0.648908 
1.311935, -1.483368 

0.687717, -0.725978 
1.461432, -1.359513 

0.635389, -0.772192 
1.522017, -1.234676 

0.628824, -0.777548 
1.552209, -1.161421 

0.647905, -0.761721 
1.564027, -1.162621 

0.700787, -0.713371 
1.556069, -1.231533 

0.792532, -0.609830 
1.490056, -1.326392 

0.831921, -0.554894 
1.302404, -1.437303 

0.792393, -0.610011 
1.015441, -1.584819 

0.682192, -0.731173 
0.648657, -1.730611 

0.495666, -0.868513 
0.222332, -1.830432 

0.230961, -0.972963 
-0.231329, -1.859692 

-0.110325, -0.993896 
-0.680994, -1.815075 

-0.520309, -0.853978 
-1.093024, -1.673733 

-0.838266, -0.545261 
-1.358813, -1.399094 

-0.959545, -0.281555 
-1.474596, -1.138715 

-0.993157, -0.116791 
-1.519283, -0.967197 

-0.999090, -0.042663 
-1.524782, -0.893337 

-0.998592, -0.053048 
-1.501653, -0.917299 

-0.989359, -0.145498 
-1.446494, -1.034895 

-0.947711, -0.319131 
-1.344385, -1.237090 

-0.821190, -0.570655 
-1.169248, -1.508128 

-0.502531, -0.864559 
-0.867313, -1.795652 

-0.013514, -0.999909 
-0.412923, -1.916682 

0.373124, -0.927782 
0.057328, -1.876609 

0.638561, -0.769572 
0.493738, -1.759029 

0.807178, -0.590308 
0.875114, -1.587997 

0.899607, -0.436700 
1.183729, -1.395488 

0.937848, -0.347046 
1.416536, -1.225031 

0.934417, -0.356181 
1.580615, -1.119351 

0.867338, -0.497720 
1.663297, -1.103070 

0.733725, -0.679446 
1.626297, -1.130351 

0.619404, -0.785072 
1.533740, -1.190030 

0.526696, -0.850054 
1.414068, -1.311108 

0.454463, -0.890766 
1.257145, -1.487173 

0.430745, -0.902474 
1.052787, -1.685457 

0.465305, -0.885151 
0.778754, -1.834755 

0.439429, -0.898277 
0.408405, -1.897796 

0.311757, -0.950162 
-0.019172, -1.893818 

0.111314, -0.993785 
-0.451931, -1.820076 

-0.134286, -0.990943 
-0.850426, -1.688899 

-0.406704, -0.913560 
-1.196274, -1.527221 

-0.699635, -0.714500 
-1.478998, -1.341074 

-0.916636, -0.399723 
-1.619663, -1.110886 

-0.984075, -0.177755 
-1.626000, -0.944522 

-0.996850, -0.079309 
-1.581363, -0.890694 

-0.996858, -0.079204 
-1.504615, -0.940704 

-0.986476, -0.163905 
-1.389082, -1.079279 

-0.946487, -0.322742 
-1.218298, -1.285093 

-0.841686, -0.539967 
-0.975260, -1.531006 

-0.616147, -0.787631 
-0.645484, -1.787201 

-0.164732, -0.986338 
-0.201195, -1.985673 

0.386582, -0.922255 
0.298412, -1.918361 

0.710167, -0.704033 
0.704347, -1.704016 

0.879666, -0.475592 
1.022723, -1.465307 

0.959016, -0.283351 
1.261610, -1.236471 

0.988156, -0.153456 
1.431301, -1.049905 

0.994722, -0.102605 
1.548477, -0.935285 

0.989360, -0.145489 
1.627436, -0.915462 

0.951971, -0.306187 
1.665379, -1.006936 

0.803412, -0.595423 
1.603761, -1.194958 

0.553554, -0.832814 
1.392784, -1.376590 

0.312330, -0.949974 
1.112281, -1.550039 

0.086621, -0.996241 
0.774971, -1.721620 

-0.110134, -0.993917 
0.384852, -1.862818 

-0.247110, -0.968987 
-0.031213, -1.945404 

-0.287454, -0.957794 
-0.425578, -1.948209 

-0.271285, -0.962499 
-0.758466, -1.835800 

-0.320203, -0.947349 
-1.038018, -1.643583 

-0.424040, -0.905643 
-1.266237, -1.444813 

-0.548950, -0.835855 
-1.445146, -1.279514 

-0.688520, -0.725217 
-1.586361, -1.165538 

-0.846771, -0.531958 
-1.679580, -1.085518 

-0.943419, -0.331604 
-1.653284, -1.035942 

-0.964507, -0.264058 
-1.539340, -1.082329 

-0.951241, -0.308448 
-1.367470, -1.217708 

-0.900737, -0.434365 
-1.128865, -1.407996 

-0.790573, -0.612368 
-0.814141, -1.612090 

-0.593707, -0.804682 
-0.427174, -1.790717 

-0.279891, -0.960032 
0.017650, -1.914741 

0.190073, -0.981770 
0.503385, -1.931420 

0.653978, -0.756514 
0.919466, -1.720628 

0.878624, -0.477515 
1.182634, -1.430184 

0.966566, -0.256420 
1.349499, -1.180196 

0.993966, -0.109689 
1.452500, -0.998366 

0.999099, -0.042448 
1.512277, -0.900730 

0.998313, -0.058056 
1.541406, -0.897728 

0.986741, -0.162300 
1.540514, -0.994968 

0.930337, -0.366706 
1.493025, -1.193376 

0.738458, -0.674300 
1.343911, -1.470181 

0.368904, -0.929468 
1.017530, -1.690574 

0.010478, -0.999945 
0.602832, -1.805622 

-0.287954, -0.957644 
0.156876, -1.853260 

-0.520214, -0.854036 
-0.294126, -1.828143 

-0.677961, -0.735098 
-0.713882, -1.734452 

-0.758072, -0.652171 
-1.068239, -1.602853 

-0.753876, -0.657016 
-1.329825, -1.474502 

-0.678096, -0.734974 
-1.467846, -1.348401 

-0.632488, -0.774570 
-1.525119, -1.225358 

-0.629944, -0.776641 
-1.554366, -1.158012 

-0.652409, -0.757867 
-1.565500, -1.165623 

-0.710801, -0.703393 
-1.555635, -1.238422 

-0.802291, -0.596933 
-1.479680, -1.332558 

-0.832970, -0.553318 
-1.281294, -1.447189 

-0.786748, -0.617274 
-0.986755, -1.597068 

-0.669775, -0.742564 
-0.613785, -1.740995 

-0.475985, -0.879453 
-0.183662, -1.835773 

-0.203953, -0.978981 
0.270911, -1.859040 

0.145112, -0.989415 
0.719363, -1.808094 

0.558409, -0.829566 
1.124278, -1.654061 

0.856191, -0.516659 
1.372813, -1.372872 

0.964962, -0.262389 
1.480106, -1.119493 

0.994326, -0.106374 
1.520794, -0.956570 

0.999195, -0.040118 
1.523887, -0.891410 

0.998318, -0.057973 
1.498570, -0.923853 

0.987472, -0.157791 
1.440335, -1.049372 

0.940877, -0.338748 
1.333332, -1.258519 

0.802303, -0.596918 
1.150004, -1.534523 

0.460534, -0.887642 
0.832767, -1.815781 

-0.026457, -0.999650 
0.371616, -1.917004 

-0.400503, -0.916296 
-0.096428, -1.868944 

-0.656425, -0.754392 
-0.529107, -1.746254 

-0.817501, -0.575928 
-0.904936, -1.572098 

-0.904357, -0.426776 
-1.207072, -1.379857 

-0.938721, -0.344679 
-1.433762, -1.213548 

-0.931109, -0.364741 
-1.591938, -1.115278 

-0.855899, -0.517144 
-1.664499, -1.105502 

-0.721711, -0.692195 
-1.619053, -1.133530 

-0.610850, -0.791746 
-1.524727, -1.197738 

-0.520445, -0.853895 
-1.402932, -1.324232 

-0.451957, -0.892040 
-1.242883, -1.503952 

-0.435690, -0.900097 
-1.034352, -1.701099 

-0.470477, -0.882412 
-0.751828, -1.842017 

-0.433787, -0.901016 
-0.373718, -1.899210 

-0.297689, -0.954663 
0.056625, -1.889790 

-0.091634, -0.995793 
0.488054, -1.810631 

0.157424, -0.987531 
0.882726, -1.675962 

0.432523, -0.901623 
1.224111, -1.512679 

0.726016, -0.687677 
1.499005, -1.322098 

0.927649, -0.373452 
1.623510, -1.091629 

0.986410, -0.164300 
1.623373, -0.935194 

0.997136, -0.075624 
1.575993, -0.891053 

0.996505, -0.083539 
1.496574, -0.949524 

0.984522, -0.175263 
1.377160, -1.094956 

0.940420, -0.340014 
1.200900, -1.305493 

0.827596, -0.561325 
0.951035, -1.553677 

0.587161, -0.809470 
0.612776, -1.809142 

0.112237, -0.993681 
0.157328, -1.992664 

-0.422767, -0.906239 
-0.336783, -1.902535 

-0.728910, -0.684610 
-0.734679, -1.684593 

-0.888822, -0.458253 
-1.046261, -1.445782 

-0.962652, -0.270742 
-1.278916, -1.219413 

-0.989101, -0.147236 
-1.443569, -1.038000 

-0.994582, -0.103950 
-1.557105, -0.930732 

-0.987774, -0.155892 
-1.633004, -0.919881 

-0.944582, -0.328277 
-1.665670, -1.021120 

-0.783187, -0.621787 
-1.590277, -1.212215 

-0.532665, -0.846326 
-1.371060, -1.391389 

-0.293228, -0.956043 
-1.086143, -1.565375 

-0.069451, -0.997585 
-0.744070, -1.735752 

0.123439, -0.992352 
-0.350438, -1.872943 

0.253596, -0.967310 
0.065842, -1.949526 

0.286005, -0.958228 
0.456171, -1.943643 

0.273242, -0.961945 
0.784380, -1.821444 

0.328899, -0.944365 
1.060031, -1.626601 

0.435378, -0.900248 
1.283838, -1.429507 

0.561175, -0.827697 
1.458951, -1.268149 

0.702124, -0.712054 
1.597053, -1.158264 

0.858954, -0.512052 
1.682414, -1.079427 

0.947024, -0.321164 
1.646012, -1.036296 

0.964327, -0.264713 
1.527110, -1.091318 

0.948404, -0.317066 
1.350193, -1.232798 

0.893770, -0.448525 
1.105432, -1.425868 

0.777231, -0.629216 
0.784269, -1.629191 

0.571687, -0.820472 
0.391812, -1.804162 

0.246218, -0.969214 
-0.057253, -1.922055 

-0.235159, -0.971957 
-0.543722, -1.923161 

-0.680235, -0.732994 
-0.946373, -1.696929 

-0.889122, -0.457670 
-1.199757, -1.408200 

-0.970130, -0.242584 
-1.360450, -1.163263 

-0.994744, -0.102390 
-1.459196, -0.987989 

-0.999121, -0.041919 
-1.516044, -0.897951 

-0.997912, -0.064582 
-1.542722, -0.903142 

-0.984302, -0.176493 
-1.538656, -1.008774 

-0.921022, -0.389510 
-1.485334, -1.215071 

-0.712786, -0.701382 
-1.322993, -1.493624 

-0.338254, -0.941055 
-0.984978, -1.703779 

0.015250, -0.999884 
-0.566908, -1.812960 

0.308699, -0.951160 
-0.119445, -1.854870 

0.535320, -0.844649 
0.330366, -1.823421 

0.687048, -0.726612 
0.745803, -1.724884 

0.761186, -0.648534 
1.093506, -1.591700 

0.750666, -0.660682 
1.346190, -1.464019 

0.674725, -0.738069 
1.475470, -1.337075 

0.633426, -0.773803 
1.529642, -1.217422 

0.632754, -0.774353 
1.557010, -1.156127 

0.656810, -0.754056 
1.566259, -1.169872 

0.718160, -0.695878 
1.552929, -1.246478 

0.806928, -0.590650 
1.467267, -1.341618 

0.830399, -0.557170 
1.260037, -1.460171 

0.778492, -0.627655 
0.958654, -1.611292 

0.655468, -0.755223 
0.580026, -1.752373 

0.455352, -0.890312 
0.146616, -1.841460 

0.177416, -0.984136 
-0.308367, -1.858215 

-0.176917, -0.984226 
-0.754795, -1.800349 

-0.588860, -0.808235 
-1.151452, -1.634970 

-0.869007, -0.494799 
-1.385746, -1.350942 

-0.968640, -0.248470 
-1.486059, -1.104202 

-0.995011, -0.099764 
-1.522984, -0.949025 

-0.999192, -0.040203 
-1.523473, -0.891748 

-0.997921, -0.064450 
-1.495545, -0.931843 

-0.985358, -0.170497 
-1.433703, -1.064358 

-0.933964, -0.357368 
-1.321300, -1.279307 

-0.784512, -0.620114 
-1.129595, -1.558686 

-0.424981, -0.905202 
-0.799010, -1.832619 

0.058344, -0.998297 
-0.333461, -1.918345 

0.423057, -0.906103 
0.132618, -1.862997 

0.671494, -0.741010 
0.561497, -1.734942 

0.826401, -0.563082 
0.931678, -1.557525 

0.908702, -0.417445 
1.227392, -1.365304 

0.940011, -0.341143 
1.448117, -1.202438 

0.929414, -0.369040 
1.600739, -1.110203 

0.849326, -0.527868 
1.665436, -1.105765 

0.715099, -0.699023 
1.614306, -1.136546 

0.605152, -0.796110 
1.517388, -1.205775 

0.514730, -0.857352 
1.392116, -1.337138 

0.446975, -0.894547 
1.227396, -1.519800 

0.433000, -0.901394 
1.013045, -1.715978 

0.465078, -0.885270 
0.722900, -1.851462 

0.421523, -0.906818 
0.339577, -1.903454 

0.280586, -0.959829 
-0.091886, -1.887873 

0.071810, -0.997418 
-0.520942, -1.802804 

-0.178042, -0.984023 
-0.911044, -1.664250 

-0.452803, -0.891611 
-1.247106, -1.499132 

-0.743460, -0.668780 
-1.514108, -1.306041 

-0.933863, -0.357631 
-1.627355, -1.078095 

-0.987524, -0.157472 
-1.622515, -0.929991 

-0.997114, -0.075925 
-1.572424, -0.893860 

-0.995947, -0.089944 
-1.489998, -0.959377 

-0.982347, -0.187067 
-1.366335, -1.110405 

-0.934413, -0.356191 
-1.184347, -1.324454 

-0.814605, -0.580017 
-0.927625, -1.573609 

-0.562205, -0.826998 
-0.581450, -1.826813 

-0.072053, -0.997401 
-0.117784, -1.996355 

0.449557, -0.893252 
0.371173, -1.890175 

0.743523, -0.668710 
0.762122, -1.668537 

0.896155, -0.443741 
1.067097, -1.429022 

0.965629, -0.259923 
1.293586, -1.204616 

0.989942, -0.141474 
1.453225, -1.027685 

0.994570, -0.104070 
1.563035, -0.926777 

0.986663, -0.162774 
1.635754, -0.923484 

0.939263, -0.343197 
1.663647, -1.032595 

0.769546, -0.638591 
1.578338, -1.226686 

0.517494, -0.855687 
1.352725, -1.405587 

0.277388, -0.960758 
1.062770, -1.579769 

0.053354, -0.998576 
0.715433, -1.748009 

-0.138311, -0.990389 
0.317804, -1.880310 

-0.265588, -0.964087 
-0.099644, -1.950222 

-0.295295, -0.955406 
-0.487717, -1.936718 

-0.284510, -0.958673 
-0.811675, -1.808436 

-0.341629, -0.939835 
-1.081967, -1.612070 

-0.447222, -0.894423 
-1.300088, -1.416552 

-0.571340, -0.820713 
-1.470268, -1.258810 

-0.711058, -0.703134 
-1.604098, -1.153110 

-0.864896, -0.501951 
-1.682617, -1.077566 

-0.947706, -0.319144 
-1.639571, -1.041171 

-0.962762, -0.270350 
-1.516439, -1.103082 

-0.944569, -0.328313 
-1.334519, -1.249149 

-0.886088, -0.463518 
-1.083660, -1.443806 

-0.763795, -0.645459 
-0.756245, -1.645431 

-0.550887, -0.834580 
-0.358619, -1.815922 

-0.216586, -0.976263 
0.093966, -1.926820 

0.270166, -0.962814 
0.579502, -1.913767 

0.699132, -0.714992 
0.970908, -1.677353 

0.896755, -0.442528 
1.215974, -1.390209 

0.972671, -0.232188 
1.370782, -1.149525 

0.995251, -0.097337 
1.465211, -0.980025 

0.999099, -0.042443 
1.518867, -0.896750 

0.997486, -0.070860 
1.542690, -0.909163 

0.982013, -0.188811 
1.535031, -1.021981 

0.912964, -0.408039 
1.475813, -1.234599 

0.692602, -0.721320 
1.302324, -1.513935 

0.314659, -0.949205 
0.955617, -1.716781 

-0.036519, -0.999333 
0.534146, -1.820516 

-0.326901, -0.945059 
0.085214, -1.856190 

-0.549474, -0.835511 
-0.363287, -1.818025 

-0.696804, -0.717261 
-0.774550, -1.714234 

-0.767002, -0.641644 
-1.116232, -1.578681 

-0.753406, -0.657556 
-1.361886, -1.451125 

-0.677682, -0.735355 
-1.484903, -1.325604 

-0.637129, -0.770757 
-1.535273, -1.210458 

-0.635710, -0.771928 
-1.559414, -1.155034 

-0.658942, -0.752194 
-1.565349, -1.174599 

-0.720050, -0.693922 
-1.547418, -1.255582 

-0.805628, -0.592421 
-1.454066, -1.353689 

-0.824606, -0.565708 
-1.240034, -1.475334 

-0.768517, -0.639830 
-0.932535, -1.626287 

-0.640682, -0.767807 
-0.548762, -1.763573 

-0.435719, -0.900083 
-0.112493, -1.846405 

-0.153869, -0.988091 
0.342493, -1.856207 

0.202690, -0.979243 
0.786239, -1.791320 

0.610399, -0.792094 
1.174994, -1.617462 

0.877661, -0.479281 
1.398486, -1.332945 

0.971113, -0.238619 
1.492788, -1.091763 

0.995433, -0.095459 
1.525896, -0.943167 

0.999152, -0.041185 
1.523422, -0.892736 

0.997509, -0.070537 
1.492421, -0.939481 

0.983396, -0.181474 
1.426535, -1.077927 

0.927962, -0.372675 
1.308495, -1.297442 

0.770047, -0.637987 
1.108887, -1.578831 

0.398362, -0.917228 
0.767813, -1.846478 

-0.082980, -0.996551 
0.299002, -1.920721 

-0.441839, -0.897095 
-0.165524, -1.858162 

-0.684725, -0.728801 
-0.590620, -1.724363 

-0.834710, -0.550690 
-0.955191, -1.543405 

-0.913344, -0.407190 
-1.244672, -1.350705 

-0.942393, -0.334508 
-1.459727, -1.190291 

-0.930293, -0.366819 
-1.607533, -1.102581 

-0.848552, -0.529112 
-1.667390, -1.103137 

-0.713340, -0.700819 
-1.612338, -1.138771 

-0.601491, -0.798879 
-1.511626, -1.213193 

-0.508414, -0.861113 
-1.381417, -1.348828 

-0.437827, -0.899059 
-1.210460, -1.533912 

-0.420716, -0.907193 
-0.988996, -1.730028 

-0.449302, -0.893380 
-0.692939, -1.863246 

-0.403714, -0.914885 
-0.306912, -1.910189 

-0.261687, -0.965153 
0.124213, -1.887693 

-0.053115, -0.998588 
0.550061, -1.796196 

0.194879, -0.980827 
0.935001, -1.653300 

0.466325, -0.884614 
1.265085, -1.486263 

0.751924, -0.659250 
1.525297, -1.293201 

0.936289, -0.351231 
1.632193, -1.069366 

0.987759, -0.155990 
1.623828, -0.927621 

0.996883, -0.078889 
1.570886, -0.897742 

0.995281, -0.097040 
1.485093, -0.968868 

0.980225, -0.197885 
1.356874, -1.124241 

0.929100, -0.369829 
1.169010, -1.340624 

0.803972, -0.594667 
0.905566, -1.589493 

0.543748, -0.839249 
0.552455, -1.839211 

0.046185, -0.998933 
0.083534, -1.998235 

-0.467973, -0.883743 
-0.401631, -1.881540 

-0.754619, -0.656163 
-0.786563, -1.655653 

-0.902070, -0.431589 
-1.085094, -1.414698 

-0.968201, -0.250172 
-1.305479, -1.191577 

-0.990819, -0.135194 
-1.460101, -1.018242 

-0.994815, -0.101704 
-1.566091, -0.922462 

-0.986380, -0.164485 
-1.635623, -0.925066 

-0.937170, -0.348872 
-1.659835, -1.040070 

-0.763584, -0.645708 
-1.569198, -1.238149 

-0.507974, -0.861372 
-1.338236, -1.418746 

-0.264423, -0.964407 
-1.042476, -1.592605 

-0.037622, -0.999292 
-0.689314, -1.757776 

0.155819, -0.987786 
-0.287077, -1.884359 

0.284452, -0.958690 
0.132686, -1.947107 

0.316008, -0.948757 
0.520344, -1.927657 

0.304171, -0.952617 
0.840101, -1.796880 

0.357370, -0.933963 
1.103492, -1.599772 

0.458661, -0.888611 
1.314660, -1.405589 

0.578596, -0.815614 
1.478791, -1.251102 

0.714512, -0.699624 
1.607412, -1.149879 

0.864845, -0.502038 
1.681053, -1.079797 

0.945863, -0.324565 
1.634471, -1.049699 

0.960003, -0.279989 
1.507652, -1.116698 

0.939976, -0.341241 
1.320781, -1.265897 

0.878107, -0.478465 
1.063925, -1.461049 

0.750952, -0.660356 
0.730469, -1.660147 

0.532368, -0.846513 
0.328024, -1.825412 

0.192616, -0.981274 
-0.127255, -1.928735 

-0.294330, -0.955704 
-0.610761, -1.904319 

-0.711759, -0.702423 
-0.993561, -1.661896 

-0.902088, -0.431553 
-1.231451, -1.375756 

-0.974462, -0.224555 
-1.380524, -1.138400 

-0.995596, -0.093751 
-1.470490, -0.973794 

-0.999069, -0.043149 
-1.520643, -0.896355 

-0.997115, -0.075911 
-1.541217, -0.914930 

-0.980173, -0.198145 
-1.529654, -1.033650 

-0.907020, -0.421088 
-1.464829, -1.251057 

-0.679114, -0.734032 
-1.282957, -1.531136 

-0.297746, -0.954645 
-0.929759, -1.729603 

0.053826, -0.998550 
-0.504716, -1.828026 

0.343055, -0.939315 
-0.054331, -1.856967 

0.563160, -0.826348 
0.392825, -1.811734 

0.707672, -0.706541 
0.800170, -1.702254 

0.775895, -0.630862 
1.136590, -1.563546 

0.762154, -0.647396 
1.377248, -1.435850 

0.686146, -0.727464 
1.496062, -1.314010 

0.642838, -0.766002 
1.541721, -1.204191 

0.638130, -0.769929 
1.561276, -1.154378 

0.658060, -0.752966 
1.562530, -1.179503 

0.715803, -0.698302 
1.539246, -1.265701 

0.798640, -0.601809 
1.440660, -1.368496 

0.815960, -0.578109 
1.221668, -1.492112 

0.757309, -0.653057 
0.908748, -1.641523 

0.626069, -0.779768 
0.520320, -1.774161 

0.417889, -0.908498 
0.081575, -1.850248 

0.134226, -0.990951 
-0.373040, -1.852740 

-0.221603, -0.975137 
-0.813594, -1.781082 

-0.623709, -0.781657 
-1.195618, -1.601974 

-0.883041, -0.469297 
-1.411416, -1.318308 

-0.972718, -0.231991 
-1.500354, -1.081462 

-0.995697, -0.092666 
-1.529484, -0.938285 

-0.999105, -0.042310 
-1.523671, -0.893680 

-0.997145, -0.075517 
-1.489170, -0.946097 

-0.981776, -0.190044 
-1.418892, -1.089449 

-0.923304, -0.384070 
-1.295128, -1.312373 

-0.759736, -0.650231 
-1.088383, -1.594684 

-0.380722, -0.924690 
-0.739652, -1.858054 

0.101517, -0.994834 
-0.268015, -1.924052 

0.457647, -0.889134 
0.195338, -1.854118 

0.696655, -0.717406 
0.616675, -1.714203 

0.842766, -0.538280 
0.975711, -1.529403 

0.918458, -0.395519 
1.259163, -1.335689 

0.945930, -0.324370 
1.468858, -1.176747 

0.933736, -0.357963 
1.612648, -1.092182 

0.853159, -0.521651 
1.670583, -1.097687 

0.715745, -0.698362 
1.612916, -1.140044 

0.599364, -0.800477 
1.507240, -1.219715 

0.501117, -0.865379 
1.370765, -1.359052 

0.424297, -0.905523 
1.192180, -1.546114 

0.399125, -0.916897 
0.962525, -1.743081 

0.423750, -0.905779 
0.662077, -1.876964 

0.380791, -0.924661 
0.275635, -1.919117 

0.241326, -0.970444 
-0.153794, -1.889073 

0.035743, -0.999361 
-0.575658, -1.790682 

-0.207944, -0.978141 
-0.954889, -1.643027 

-0.473413, -0.880841 
-1.278443, -1.474075 

-0.752393, -0.658714 
-1.533223, -1.283458 

-0.935551, -0.353192 
-1.638156, -1.064772 

-0.987263, -0.159098 
-1.627215, -0.927513 

-0.996468, -0.083976 
-1.571274, -0.902265 

-0.994532, -0.104437 
-1.481811, -0.977683 

-0.978242, -0.207465 
-1.348804, -1.136273 

-0.924645, -0.380830 
-1.154989, -1.353939 

-0.795935, -0.605383 
-0.885021, -1.601406 

-0.532050, -0.846713 
-0.526022, -1.846695 

-0.033575, -0.999436 
-0.054305, -1.999221 

0.479264, -0.877671 
0.428660, -1.876389 

0.762748, -0.646696 
0.808347, -1.645656 

0.906815, -0.421528 
1.100570, -1.402578 

0.970455, -0.241282 
1.314899, -1.180089 

0.991735, -0.128302 
1.464485, -1.009499 

0.995292, -0.096922 
1.566556, -0.917688 

0.986901, -0.161330 
1.632915, -0.924655 

0.938215, -0.346054 
1.654554, -1.043806 

0.764682, -0.644408 
1.562741, -1.246987 

0.503500, -0.863995 
1.327240, -1.430963 

0.253982, -0.967209 
1.025036, -1.603979 

0.022177, -0.999754 
0.665623, -1.765245 

-0.175627, -0.984457 
0.258318, -1.885396 

-0.309119, -0.951023 
-0.164689, -1.940538 

-0.346269, -0.938135 
-0.553555, -1.916416 

-0.330982, -0.943637 
-0.869433, -1.786294 

-0.375530, -0.926810 
-1.124633, -1.589264 

-0.469542, -0.882910 
-1.327733, -1.396240 

-0.583136, -0.812374 
-1.484845, -1.244718 

-0.713066, -0.701097 
-1.607511, -1.148276 

-0.859625, -0.510926 
-1.678101, -1.085467 

-0.941805, -0.336159 
-1.630568, -1.061146 

-0.956183, -0.292768 
-1.500517, -1.131637 

-0.934764, -0.355268 
-1.308767, -1.282696 

-0.870020, -0.493017 
-1.046041, -1.477403 

-0.738923, -0.673790 
-0.706769, -1.673273 

-0.516312, -0.856401 
-0.299864, -1.832695 

-0.174235, -0.984704 
0.157321, -1.928139 

0.309174, -0.951006 
0.638216, -1.895321 

0.719524, -0.694468 
1.014781, -1.649886 

0.905688, -0.423945 
1.246344, -1.364133 

0.975716, -0.219037 
1.389763, -1.129293 

0.995838, -0.091144 
1.475112, -0.968809 

0.999044, -0.043713 
1.521482, -0.896391 

0.996827, -0.079602 
1.538479, -0.920204 

0.978845, -0.204605 
1.522796, -1.043721 

0.903214, -0.429190 
1.452748, -1.264662 

0.671595, -0.740918 
1.264981, -1.545836 

0.286183, -0.958175 
0.906800, -1.742289 

-0.068084, -0.997680 
0.478042, -1.835383 

-0.357708, -0.933834 
0.026269, -1.857176 

-0.576585, -0.817037 
-0.419478, -1.804619 

-0.719472, -0.694521 
-0.823093, -1.689138 

-0.787157, -0.616753 
-1.154845, -1.546702 

-0.775373, -0.631504 
-1.392097, -1.418683 

-0.698697, -0.715417 
-1.508393, -1.302267 

-0.649864, -0.760050 
-1.548642, -1.198454 

-0.639800, -0.768541 
-1.562510, -1.154037 

-0.654383, -0.756163 
-1.557997, -1.184510 

-0.706225, -0.707987 
-1.528829, -1.276602 

-0.786722, -0.617307 
-1.427010, -1.385442 

-0.804849, -0.593479 
-1.204621, -1.510094 

-0.745139, -0.666909 
-0.886923, -1.656807 

-0.611798, -0.791014 
-0.494308, -1.784088 

-0.401859, -0.915701 
-0.053455, -1.853046 

-0.118177, -0.992993 
0.400441, -1.847999 

0.234593, -0.972094 
0.837431, -1.769957 

0.630589, -0.776117 
1.213994, -1.588299 

0.886026, -0.463636 
1.424540, -1.306252 

0.973717, -0.227763 
1.508571, -1.072707 

0.995862, -0.090878 
1.533585, -0.934000 

0.999061, -0.043329 
1.524135, -0.894386 

0.996845, -0.079378 
1.485816, -0.951678 

0.980512, -0.196459 
1.410904, -1.099101 

0.919906, -0.392138 
1.281415, -1.324507 

0.753085, -0.657923 
1.068254, -1.606959 

0.370283, -0.928919 
0.714067, -1.867968 

-0.115542, -0.993303 
0.239731, -1.928065 

-0.471326, -0.881959 
-0.222698, -1.850559 

-0.707676, -0.706538 
-0.640259, -1.704263 

-0.850655, -0.525724 
-0.993807, -1.515425 

-0.923900, -0.382633 
-1.271392, -1.320316 

-0.950254, -0.311477 
-1.475973, -1.162135 

-0.938932, -0.344103 
-1.616342, -1.079709 

-0.861621, -0.507553 
-1.674484, -1.090007 

-0.721303, -0.692620 
-1.615387, -1.140519 

-0.598331, -0.801249 
-1.503878, -1.225495 

-0.492962, -0.870051 
-1.360143, -1.368044 

-0.407382, -0.913258 
-1.172929, -1.556638 

-0.370498, -0.928833 
-0.934194, -1.754816 

-0.389874, -0.920868 
-0.630025, -1.891604 

-0.353199, -0.935548 
-0.245012, -1.929679 

-0.219481, -0.975617 
0.181479, -1.891712 

-0.019230, -0.999815 
0.598619, -1.786112 

0.218216, -0.975900 
0.971632, -1.633444 

0.475764, -0.879573 
1.288206, -1.462616 

0.746870, -0.664970 
1.538404, -1.276096 

0.932252, -0.361810 
1.644758, -1.063476 

0.986147, -0.165875 
1.632084, -0.929266 

0.995871, -0.090782 
1.573078, -0.907380 

0.993693, -0.112139 
1.479751, -0.986065 

0.976354, -0.216177 
1.341821, -1.147002 

0.920846, -0.389925 
1.142047, -1.365154 

0.789865, -0.613280 
0.865757, -1.610396 

0.525365, -0.850877 
0.501679, -1.850597 

0.030599, -0.999532 
0.028830, -1.999530 

-0.485380, -0.874303 
-0.453205, -1.873785 

-0.768732, -0.639571 
-0.828211, -1.637801 

-0.910706, -0.413056 
-1.114225, -1.392127 

-0.972455, -0.233092 
-1.322535, -1.169812 

-0.992643, -0.121075 
-1.467072, -1.001370 

-0.995890, -0.090569 
-1.565157, -0.912722 

-0.987918, -0.154978 
-1.628343, -0.922998 

-0.941258, -0.337689 
-1.648075, -1.045085 

-0.770656, -0.637252 
-1.557865, -1.253937 

-0.502664, -0.864482 
-1.318629, -1.442583 

-0.245401, -0.969422 
-1.009625, -1.614373 

-0.007146, -0.999974 
-0.643810, -1.771116 

0.196532, -0.980497 
-0.231322, -1.884345 

0.336775, -0.941585 
0.195307, -1.931528 

0.381883, -0.924211 
0.586378, -1.903078 

0.362542, -0.931967 
0.899146, -1.775802 

0.395202, -0.918594 
1.145423, -1.579782 

0.479893, -0.877327 
1.339713, -1.387924 

0.585775, -0.810474 
1.489200, -1.239219 

0.708388, -0.705824 
1.605456, -1.147716 

0.850791, -0.525504 
1.673991, -1.093255 

0.936071, -0.351810 
1.627289, -1.074456 

0.951575, -0.307416 
1.494353, -1.147292 

0.929144, -0.369719 
1.297797, -1.299286 

0.861960, -0.506977 
1.029329, -1.492871 

0.727648, -0.685951 
0.684463, -1.685018 

0.502223, -0.864738 
0.273433, -1.838214 

0.159899, -0.987133 
-0.185066, -1.925749 

-0.318126, -0.948048 
-0.663166, -1.886636 

-0.724462, -0.689315 
-1.035051, -1.639859 

-0.908340, -0.418233 
-1.260775, -1.354069 

-0.976704, -0.214590 
-1.398578, -1.121245 

-0.996042, -0.088882 
-1.479219, -0.964405 

-0.999035, -0.043926 
-1.521642, -0.896500 

-0.996616, -0.082201 
-1.534882, -0.924976 

-0.977896, -0.209091 
-1.514987, -1.052616 

-0.900815, -0.434203 
-1.440018, -1.276379 

-0.667578, -0.744540 
-1.247813, -1.558989 

-0.277414, -0.960751 
-0.885371, -1.754721 

0.080932, -0.996720 
-0.452840, -1.842348 

0.371747, -0.928334 
0.000176, -1.856739 

0.589953, -0.807438 
0.444363, -1.796783 

0.731698, -0.681629 
0.844263, -1.675273 

0.799356, -0.600858 
1.171594, -1.528995 

0.790246, -0.612789 
1.406129, -1.400627 

0.712833, -0.701334 
1.520865, -1.290472 

0.657053, -0.753845 
1.555414, -1.193102 

0.640552, -0.767915 
1.563032, -1.153960 

0.648748, -0.761003 
1.552229, -1.189631 

0.693406, -0.720547 
1.516919, -1.287845 

0.771641, -0.636058 
1.412853, -1.403422 

0.792181, -0.610286 
1.188073, -1.528583 

0.732459, -0.680811 
0.866065, -1.671845 

0.597893, -0.801576 
0.469641, -1.793318 

0.387107, -0.922035 
0.027012, -1.854950 

0.104414, -0.994534 
-0.425876, -1.842350 

-0.244219, -0.969720 
-0.859120, -1.758324 

-0.634253, -0.773125 
-1.231023, -1.575538 

-0.887923, -0.459992 
-1.437578, -1.295384 

-0.974473, -0.224504 
-1.516924, -1.064591 

-0.996001, -0.089344 
-1.537769, -0.929873 

-0.999029, -0.044049 
-1.524563, -0.894821 

-0.996595, -0.082452 
-1.482303, -0.956573 

-0.979467, -0.201606 
-1.402685, -1.107634 

-0.917196, -0.398436 
-1.267528, -1.335061 

-0.748249, -0.663419 
-1.048370, -1.617320 

-0.363000, -0.931789 
-0.689689, -1.876921 

0.127900, -0.991787 
-0.212645, -1.932015 

0.484290, -0.874908 
0.248862, -1.846800 

0.718377, -0.695654 
0.662545, -1.694094 

0.858445, -0.512906 
1.010594, -1.501263 

0.929381, -0.369122 
1.282398, -1.304739 

0.954729, -0.297475 
1.482011, -1.147166 

0.944499, -0.328515 
1.619197, -1.066609 

0.871121, -0.491068 
1.678208, -1.081501 

0.727887, -0.685698 
1.618368, -1.140717 

0.597421, -0.801928 
1.500688, -1.231006 

0.484137, -0.874992 
1.349315, -1.376458 

0.388967, -0.921252 
1.153174, -1.566223 

0.339283, -0.940684 
0.905032, -1.765262 

0.351919, -0.936030 
0.596855, -1.905570 

0.322983, -0.946405 
0.214116, -1.940461 

0.196760, -0.980452 
-0.208629, -1.894596 

0.003008, -0.999995 
-0.620520, -1.781797 

-0.227415, -0.973798 
-0.987005, -1.624201 

-0.476499, -0.879175 
-1.296428, -1.451640 

-0.739274, -0.673405 
-1.542112, -1.269602 

-0.927797, -0.373086 
-1.651128, -1.063587 

-0.984727, -0.174106 
-1.637201, -0.931917 

-0.995159, -0.098275 
-1.575150, -0.912898 

-0.992773, -0.120008 
-1.477919, -0.994441 

-0.974439, -0.224652 
-1.335052, -1.157367 

-0.917191, -0.398447 
-1.129368, -1.375679 

-0.784324, -0.620352 
-0.846904, -1.618392 

-0.519991, -0.854172 
-0.478067, -1.853292 

-0.030156, -0.999545 
-0.004535, -1.999217 

0.490033, -0.871704 
0.476919, -1.871618 

0.774099, -0.633064 
0.847371, -1.630376 

0.914311, -0.405013 
1.127196, -1.382090 

0.974327, -0.225136 
1.329530, -1.159925 

0.993495, -0.113874 
1.469063, -0.993553 

0.996464, -0.084024 
1.563190, -0.907930 

0.988955, -0.148217 
1.623222, -0.921332 

0.944433, -0.328703 
1.641067, -1.046130 

0.777369, -0.629045 
1.552798, -1.260480 

0.502445, -0.864609 
1.310211, -1.454113 

0.237041, -0.971500 
0.994425, -1.624469 

-0.007768, -0.999970 
0.622391, -1.776436 

-0.217191, -0.976129 
0.205040, -1.882618 

-0.363779, -0.931485 
-0.224830, -1.921785 

-0.416609, -0.909086 
-0.617906, -1.888616 

-0.394097, -0.919069 
-0.928167, -1.764509 

-0.414384, -0.910102 
-1.165592, -1.570167 

-0.489504, -0.872001 
-1.351038, -1.379701 

-0.587678, -0.809095 
-1.492957, -1.233913 

-0.703083, -0.711108 
-1.602909, -1.147357 

-0.841249, -0.540648 
-1.669371, -1.101196 

-0.929919, -0.367764 
-1.623771, -1.087882 

-0.946803, -0.321814 
-1.487982, -1.162721 

-0.923491, -0.383620 
-1.286618, -1.315359 

-0.854031, -0.520222 
-1.012480, -1.507589 

-0.716743, -0.697337 
-0.662183, -1.695847 

-0.488818, -0.872386 
-0.247276, -1.842776 

-0.146493, -0.989212 
0.212285, -1.922635 

0.326727, -0.945119 
0.687696, -1.877697 

0.729633, -0.683839 
1.054980, -1.629433 

0.911165, -0.412041 
1.274794, -1.343585 

0.977780, -0.209635 
1.406984, -1.112843 

0.996285, -0.086117 
1.482962, -0.959699 

0.999046, -0.043662 
1.521495, -0.896333 

0.996433, -0.084385 
1.531039, -0.929486 

0.976989, -0.213289 
1.507006, -1.061276 

0.898373, -0.439233 
1.427197, -1.287965 

0.662869, -0.748736 
1.230367, -1.572110 

0.267351, -0.963599 
0.863279, -1.766637 

-0.094870, -0.995490 
0.427072, -1.848470 

-0.386458, -0.922307 
-0.026930, -1.855441 

-0.603547, -0.797327 
-0.469301, -1.788275 

-0.743689, -0.668526 
-0.865273, -1.661107 

-0.810719, -0.585436 
-1.187997, -1.511536 

-0.803264, -0.595623 
-1.419389, -1.383272 

-0.724851, -0.688905 
-1.532111, -1.279101 

-0.662635, -0.748943 
-1.561073, -1.188043 

-0.640158, -0.768243 
-1.562689, -1.154166 

-0.642459, -0.766320 
-1.545910, -1.195011 

-0.680628, -0.732629 
-1.504723, -1.299080 

-0.756796, -0.653651 
-1.398131, -1.420912 

-0.779792, -0.626039 
-1.170829, -1.546414 

-0.720103, -0.693867 
-0.844550, -1.686094 

-0.584318, -0.811525 
-0.444477, -1.801699 

-0.372635, -0.927978 
-0.000306, -1.856079 

-0.090711, -0.995877 
0.451380, -1.836197 

0.254473, -0.967080 
0.880912, -1.746550 

0.639472, -0.768814 
1.248120, -1.562255 

0.890636, -0.454716 
1.450034, -1.283616 

0.975487, -0.220057 
1.524539, -1.055845 

0.996207, -0.087018 
1.541292, -0.925399 

0.999018, -0.044316 
1.524466, -0.895141 

0.996347, -0.085402 
1.478403, -0.961543 

0.978343, -0.206989 
1.394199, -1.116420 

0.914134, -0.405413 
1.253469, -1.346078 

0.742187, -0.670193 
1.028229, -1.628410 

0.352520, -0.935804 
0.664252, -1.885974 

-0.142877, -0.989740 
0.184453, -1.934650 

-0.498569, -0.866850 
-0.275709, -1.841701 

-0.729576, -0.683900 
-0.685278, -1.682918 

-0.866238, -0.499631 
-1.027722, -1.486507 

-0.934564, -0.355796 
-1.293736, -1.289067 

-0.958645, -0.284605 
-1.488428, -1.132739 

-0.948902, -0.315570 
-1.622312, -1.054840 

-0.878025, -0.478614 
-1.681047, -1.074563 

-0.732021, -0.681282 
-1.619739, -1.141669 

-0.594922, -0.803783 
-1.496193, -1.237039 

-0.474653, -0.880173 
-1.337654, -1.385376 

-0.371335, -0.928499 
-1.133217, -1.576214 

-0.311292, -0.950314 
-0.876349, -1.775366 

-0.317643, -0.948210 
-0.563593, -1.917493 

-0.294852, -0.955543 
-0.182449, -1.949206 

-0.175074, -0.984555 
0.236687, -1.895847 

0.013115, -0.999914 
0.643344, -1.776323 

0.237537, -0.971378 
1.003409, -1.614371 

0.479548, -0.877516 
1.306018, -1.440496 

0.735220, -0.677829 
1.546818, -1.262045 

0.924829, -0.380384 
1.656485, -1.062058 

0.983661, -0.180032 
1.640858, -0.933750 

0.994513, -0.104612 
1.575808, -0.918305 

0.991827, -0.127589 
1.474778, -1.003236 

0.972341, -0.233564 
1.327054, -1.168540 

0.912962, -0.408044 
1.115520, -1.387314 

0.777351, -0.629068 
0.826916, -1.627839 

0.511130, -0.859503 
0.453046, -1.857815 

0.022613, -0.999744 
-0.022204, -1.998740 

-0.498606, -0.866829 
-0.501995, -1.866823 

-0.780949, -0.624595 
-0.867275, -1.620862 

-0.918380, -0.395700 
-1.140816, -1.370647 

-0.976240, -0.216692 
-1.337246, -1.149255 

-0.994252, -0.107061 
-1.471935, -0.985594 

-0.996880, -0.078926 
-1.562293, -0.903735 

-0.989524, -0.144367 
-1.619261, -0.921175 

-0.945747, -0.324905 
-1.634659, -1.049750 

-0.779422, -0.626500 
-1.545707, -1.269000 

-0.498338, -0.866983 
-1.298938, -1.466182 

-0.226317, -0.974054 
-0.976770, -1.634977 

0.023470, -0.999725 
-0.599019, -1.782354 

0.236678, -0.971588 
-0.177507, -1.881781 

0.386874, -0.922132 
0.254497, -1.913332 

0.444056, -0.895999 
0.647972, -1.874987 

0.419164, -0.907910 
0.955141, -1.752143 

0.430165, -0.902750 
1.184529, -1.559206 

0.497913, -0.867227 
1.362029, -1.370519 

0.590103, -0.807328 
1.497285, -1.228067 

0.700114, -0.714031 
1.601785, -1.146453 

0.834963, -0.550306 
1.665455, -1.107337 

0.925333, -0.379156 
1.619090, -1.099365 

0.942755, -0.333485 
1.479920, -1.176963 

0.918216, -0.396081 
1.273585, -1.330807 

0.846147, -0.532949 
0.993717, -1.522001 

0.705372, -0.708837 
0.638033, -1.706567 

0.474054, -0.880496 
0.219361, -1.847518 

0.129849, -0.991534 
-0.241387, -1.920073 

-0.341438, -0.939904 
-0.714281, -1.867799 

-0.738375, -0.674390 
-1.075151, -1.615975 

-0.915264, -0.402856 
-1.288342, -1.330655 

-0.979239, -0.202710 
-1.414933, -1.102804 

-0.996609, -0.082285 
-1.486491, -0.954074 

-0.999066, -0.043209 
-1.521453, -0.895917 

-0.996178, -0.087341 
-1.527609, -0.934443 

-0.975619, -0.219472 
-1.499635, -1.071180 

-0.894052, -0.447963 
-1.414732, -1.301715 

-0.652650, -0.757660 
-1.211290, -1.587070 

-0.251606, -0.967830 
-0.838087, -1.777793 

0.112313, -0.993673 
-0.398551, -1.853334 

0.402928, -0.915232 
0.056056, -1.853144 

0.617478, -0.786588 
0.496247, -1.779212 

0.754739, -0.656025 
0.887867, -1.647124 

0.819691, -0.572806 
1.205420, -1.495418 

0.811512, -0.584336 
1.432323, -1.368296 

0.731285, -0.682072 
1.540993, -1.268906 

0.665069, -0.746782 
1.564763, -1.183303 

0.638677, -0.769475 
1.561462, -1.154790 

0.637086, -0.770792 
1.539829, -1.200974 

0.671451, -0.741049 
1.493612, -1.310304 

0.746358, -0.665544 
1.383129, -1.436597 

0.769892, -0.638175 
1.151718, -1.562409 

0.708905, -0.705304 
0.820623, -1.699044 

0.570827, -0.821071 
0.416773, -1.809133 

0.357121, -0.934058 
-0.028830, -1.856577 

0.074524, -0.997219 
-0.479209, -1.829913 

-0.269461, -0.963011 
-0.905203, -1.734913 

-0.650859, -0.759199 
-1.266715, -1.547057 

-0.895875, -0.444306 
-1.461371, -1.269057 

-0.977148, -0.212561 
-1.530533, -1.045486 

-0.996533, -0.083194 
-1.543416, -0.920403 

-0.999017, -0.044318 
-1.523340, -0.895838 

-0.996013, -0.089209 
-1.473816, -0.967676 

-0.976753, -0.214368 
-1.385267, -1.127120 

-0.909523, -0.415654 
-1.238999, -1.359818 

-0.731719, -0.681607 
-1.007039, -1.642959 

-0.332606, -0.943066 
-0.635364, -1.896133 

0.164265, -0.986416 
-0.152971, -1.934763 

0.515771, -0.856727 
0.304983, -1.834258 

0.741826, -0.670592 
0.710066, -1.670088 

0.874026, -0.485878 
1.046707, -1.470856 

0.939139, -0.343538 
1.306835, -1.273484 

0.961459, -0.274950 
1.496570, -1.119732 

0.951040, -0.309068 
1.626782, -1.046206 

0.879442, -0.476006 
1.682709, -1.071625 

0.730474, -0.682940 
1.617553, -1.144558 

0.589273, -0.807934 
1.488966, -1.244458 

0.464506, -0.885570 
1.324457, -1.395946 

0.356352, -0.934352 
1.113083, -1.588078 

0.291184, -0.956667 
0.849050, -1.786598 

0.294575, -0.955628 
0.531598, -1.927133 

0.273951, -0.961744 
0.150144, -1.954050 

0.156560, -0.987668 
-0.266559, -1.893743 

-0.029092, -0.999577 
-0.668606, -1.768356 

-0.250122, -0.968214 
-1.022795, -1.603019 

-0.487951, -0.872871 
-1.319378, -1.428505 

-0.739253, -0.673428 
-1.554871, -1.252019 

-0.925874, -0.377832 
-1.660485, -1.056320 

-0.983595, -0.180389 
-1.641705, -0.933312 

-0.994123, -0.108258 
-1.573666, -0.923200 

-0.990908, -0.134540 
-1.469014, -1.012842 

-0.969899, -0.243506 
-1.316524, -1.181510 

-0.907500, -0.420053 
-1.099142, -1.401518 

-0.767271, -0.641322 
-0.804292, -1.640637 

-0.494957, -0.868918 
-0.424663, -1.866444 

-0.000487, -1.000000 
0.054328, -1.998496 

0.515243, -0.857044 
0.530043, -1.856935 

0.790780, -0.612100 
0.888902, -1.607275 

0.923399, -0.383843 
1.155974, -1.356421 

0.978283, -0.207273 
1.346620, -1.136965 

0.994889, -0.100980 
1.476732, -0.977237 

0.997066, -0.076546 
1.563650, -0.900550 

0.989306, -0.145858 
1.617708, -0.923746 

0.943845, -0.330389 
1.629736, -1.058093 

0.772790, -0.634661 
1.535413, -1.281505 

0.486796, -0.873516 
1.282463, -1.479250 

0.211240, -0.977434 
0.954566, -1.646363 

-0.040733, -0.999170 
0.571770, -1.789638 

-0.254612, -0.967043 
0.146972, -1.882865 

-0.404381, -0.914591 
-0.285681, -1.907521 

-0.460697, -0.887558 
-0.677091, -1.863864 

-0.433295, -0.901252 
-0.979300, -1.739034 

-0.440633, -0.897687 
-1.201804, -1.546239 

-0.505000, -0.863119 
-1.372943, -1.359784 

-0.594081, -0.804405 
-1.503027, -1.221320 

-0.701613, -0.712558 
-1.603424, -1.144689 

-0.834914, -0.550380 
-1.663241, -1.110626 

-0.923872, -0.382703 
-1.612635, -1.107688 

-0.940042, -0.341060 
-1.469095, -1.189648 

-0.913462, -0.406923 
-1.257480, -1.345886 

-0.837977, -0.545706 
-0.971689, -1.536726 

-0.692556, -0.721364 
-0.610553, -1.717996 

-0.456028, -0.889966 
-0.188105, -1.853406 

-0.106660, -0.994296 
0.274191, -1.918932 

0.366380, -0.930465 
0.744445, -1.856245 

0.752306, -0.658814 
1.095742, -1.597990 

0.921029, -0.389494 
1.301321, -1.314360 

0.981127, -0.193365 
1.422406, -1.090735 

0.996991, -0.077523 
1.489944, -0.947578 

0.999065, -0.043230 
1.521816, -0.895715 

0.995734, -0.092274 
1.525007, -0.940725 

0.973319, -0.229454 
1.493271, -1.083650 

0.886412, -0.462897 
1.402661, -1.319336 

0.633815, -0.773485 
1.189442, -1.604916 

0.228102, -0.973637 
0.808405, -1.788038 

-0.134085, -0.990970 
0.366123, -1.856875 

-0.421317, -0.906914 
-0.088647, -1.849957 

-0.631503, -0.775374 
-0.526241, -1.769818 

-0.764341, -0.644813 
-0.912974, -1.633705 

-0.825530, -0.564359 
-1.224610, -1.481275 

-0.813841, -0.581088 
-1.445255, -1.356534 

-0.730966, -0.682413 
-1.547134, -1.260229 

-0.664214, -0.747542 
-1.566378, -1.178935 

-0.636730, -0.771087 
-1.559682, -1.156002 

-0.633968, -0.773359 
-1.534666, -1.207806 

-0.668150, -0.744026 
-1.484449, -1.321656 

-0.742749, -0.669570 
-1.368070, -1.449938 

-0.763536, -0.645765 
-1.130113, -1.576153 

-0.699001, -0.715121 
-0.793321, -1.710663 

-0.556891, -0.830585 
-0.385399, -1.815771 

-0.339458, -0.940621 
0.061598, -1.856675 

-0.054184, -0.998531 
0.510605, -1.823766 

0.291398, -0.956602 
0.933212, -1.723462 

0.670097, -0.742274 
1.287200, -1.529156 

0.903924, -0.427692 
1.471251, -1.251185 

0.979442, -0.201726 
1.534586, -1.033480 

0.996950, -0.078049 
1.543925, -0.915198 

0.999006, -0.044582 
1.521050, -0.897501 

0.995506, -0.094699 
1.468442, -0.975795 

0.974396, -0.224839 
1.375750, -1.140762 

0.902592, -0.430497 
1.223844, -1.377491 

0.715054, -0.699069 
0.984135, -1.662187 

0.300792, -0.953690 
0.601804, -1.907310 

-0.192716, -0.981255 
0.117500, -1.931921 

-0.535947, -0.844251 
-0.337257, -1.824314 

-0.754996, -0.655729 
-0.737457, -1.655575 

-0.881632, -0.471937 
-1.068062, -1.454406 

-0.942944, -0.332952 
-1.322173, -1.258255 

-0.963010, -0.269466 
-1.506882, -1.108634 

-0.950605, -0.310405 
-1.632932, -1.041452 

-0.874540, -0.484953 
-1.683000, -1.073504 

-0.722503, -0.691368 
-1.611236, -1.149792 

-0.580273, -0.814422 
-1.478640, -1.253668 

-0.453952, -0.891026 
-1.309528, -1.408704 

-0.344761, -0.938690 
-1.092693, -1.602466 

-0.280315, -0.959908 
-0.823236, -1.799692 

-0.284917, -0.958552 
-0.501290, -1.934863 

-0.261694, -0.965151 
-0.117365, -1.954681 

-0.141589, -0.989925 
0.298411, -1.887923 

0.045141, -0.998981 
0.696668, -1.757606 

0.265726, -0.964049 
1.045654, -1.589918 

0.502487, -0.864585 
1.337087, -1.415442 

0.752213, -0.658920 
1.566696, -1.239108 

0.931244, -0.364396 
1.662999, -1.045963 

0.984602, -0.174808 
1.639509, -0.930518 

0.994019, -0.109209 
1.568494, -0.927731 

0.989996, -0.141094 
1.460366, -1.023563 

0.966977, -0.254865 
1.303137, -1.196670 

0.900458, -0.434942 
1.079824, -1.418725 

0.753403, -0.657560 
0.778514, -1.657244 

0.470175, -0.882573 
0.392201, -1.879529 

-0.037472, -0.999298 
-0.092432, -1.997786 

-0.539886, -0.841738 
-0.561115, -1.841513 

-0.803491, -0.595317 
-0.912325, -1.589377 

-0.929290, -0.369351 
-1.172768, -1.339257 

-0.980421, -0.196915 
-1.357772, -1.122985 

-0.995404, -0.095763 
-1.483602, -0.968496 

-0.997023, -0.077107 
-1.567417, -0.898478 

-0.988225, -0.153010 
-1.618684, -0.929232 

-0.938406, -0.345534 
-1.626264, -1.071379 

-0.757029, -0.653382 
-1.521627, -1.297888 

-0.467835, -0.883816 
-1.260701, -1.493212 

-0.191945, -0.981406 
-0.927711, -1.658641 

0.059441, -0.998232 
-0.540440, -1.798321 

0.271001, -0.962579 
-0.113121, -1.885862 

0.416585, -0.909097 
0.318810, -1.904306 

0.467207, -0.884148 
0.705778, -1.855273 

0.437288, -0.899322 
1.001042, -1.725264 

0.446615, -0.894726 
1.217813, -1.531322 

0.511450, -0.859313 
1.384161, -1.347551 

0.600140, -0.799895 
1.510503, -1.213705 

0.707963, -0.706250 
1.608010, -1.142042 

0.841139, -0.540819 
1.662620, -1.111055 

0.925409, -0.378969 
1.604380, -1.113135 

0.938551, -0.345140 
1.455544, -1.201130 

0.909048, -0.416691 
1.238305, -1.360932 

0.829215, -0.558930 
0.946344, -1.552046 

0.677863, -0.735188 
0.579633, -1.730352 

0.434194, -0.900819 
0.153335, -1.860568 

0.076367, -0.997080 
-0.310906, -1.919045 

-0.400884, -0.916129 
-0.777848, -1.842357 

-0.770353, -0.637618 
-1.116531, -1.575787 

-0.928017, -0.372538 
-1.313790, -1.295132 

-0.983282, -0.182089 
-1.429525, -1.077000 

-0.997389, -0.072219 
-1.493435, -0.940515 

-0.999031, -0.044020 
-1.522649, -0.895973 

-0.995050, -0.099371 
-1.523211, -0.948515 

-0.969955, -0.243285 
-1.487771, -1.098776 

-0.875180, -0.483798 
-1.390642, -1.340710 

-0.606698, -0.794933 
-1.164502, -1.624905 

-0.198255, -0.980150 
-0.774708, -1.797281 

0.159179, -0.987250 
-0.330237, -1.859301 

0.441024, -0.897495 
0.124344, -1.846028 

0.645368, -0.763872 
0.558977, -1.760133 

0.772567, -0.634934 
0.940347, -1.620758 

0.828648, -0.559771 
1.245399, -1.468791 

0.811170, -0.584810 
1.458144, -1.347322 

0.725556, -0.688163 
1.551112, -1.252483 

0.661311, -0.750112 
1.566666, -1.174767 

0.635060, -0.772463 
1.557876, -1.157704 

0.633458, -0.773777 
1.530670, -1.215377 

0.670547, -0.741867 
1.477129, -1.332989 

0.744983, -0.667083 
1.352766, -1.461187 

0.759892, -0.650049 
1.106233, -1.588158 

0.689786, -0.724014 
0.762996, -1.721330 

0.542079, -0.840328 
0.350743, -1.821852 

0.319429, -0.947610 
-0.097618, -1.856495 

0.029792, -0.999556 
-0.545212, -1.817707 

