0.100000, 0.300000
0.473276, 0.282115
0.775253, 0.322467
0.985111, 0.427980
1.104519, 0.566663
1.120455, 0.738027
1.004111, 0.978396
0.808728, 1.212854
0.629733, 1.298254
0.447242, 1.262200
0.248996, 1.134521
0.041991, 0.931653
-0.152120, 0.662239
-0.295117, 0.319499
-0.326362, -0.139729
-0.273009, -0.669093
-0.304421, -1.044700
-0.385934, -1.292800
-0.469765, -1.450036
-0.534046, -1.525053
-0.571188, -1.517302
-0.584882, -1.421223
-0.593599, -1.220530
-0.639767, -0.872596
-0.702543, -0.417340
-0.643574, -0.040573
-0.478647, 0.267384
-0.250406, 0.527373
0.011065, 0.731878
0.288547, 0.857063
0.583644, 0.864647
0.884684, 0.758340
1.090002, 0.688512
1.176809, 0.680039
1.158297, 0.704831
1.026095, 0.776500
0.771936, 0.914950
0.489837, 0.982561
0.224941, 0.914721
-0.033541, 0.750756
-0.276857, 0.518602
-0.480576, 0.233065
-0.607321, -0.110550
-0.609813, -0.547213
-0.547491, -0.994096
-0.541067, -1.285382
-0.554039, -1.453738
-0.553529, -1.528121
-0.527136, -1.517724
-0.474772, -1.424780
-0.407891, -1.245984
-0.355498, -0.963494
-0.373398, -0.526524
-0.410872, -0.013514
-0.321295, 0.382374
-0.145333, 0.692626
0.067988, 0.939357
0.288091, 1.118869
0.499159, 1.216377
0.702593, 1.206618
0.920591, 1.049828
1.103018, 0.823788
1.153863, 0.667984
1.091613, 0.554709
0.931778, 0.471769
0.671349, 0.445318
0.318824, 0.483979
-0.031029, 0.454963
-0.337288, 0.317041
-0.598307, 0.111545
-0.798257, -0.134693
-0.910107, -0.418844
-0.893648, -0.774887
-0.779645, -1.159582
-0.697007, -1.392092
-0.624280, -1.491404
-0.532579, -1.491510
-0.414362, -1.406148
-0.275274, -1.242171
-0.133975, -1.000398
-0.029341, -0.663842
-0.036471, -0.165486
-0.088284, 0.396922
-0.005820, 0.789736
0.143549, 1.075159
0.307413, 1.283510
0.459105, 1.416732
0.586866, 1.468010
0.691997, 1.424789
0.794349, 1.259611
0.927876, 0.933004
0.995865, 0.586625
0.927213, 0.317645
0.759212, 0.086729
0.517818, -0.110357
0.217610, -0.249696
-0.138567, -0.291568
-0.508859, -0.274728
-0.800658, -0.325944
-1.001345, -0.437902
-1.111119, -0.581108
-1.114840, -0.759447
-0.984163, -1.009885
-0.789306, -1.232794
-0.612401, -1.303569
-0.429294, -1.257236
-0.230155, -1.121463
-0.023571, -0.911744
0.167313, -0.635657
0.302115, -0.283680
0.318678, 0.191236
0.268710, 0.712830
0.308900, 1.072972
0.392970, 1.311480
0.476345, 1.460886
0.538884, 1.528335
0.574116, 1.512708
0.586888, 1.407775
0.597633, 1.195330
0.650335, 0.830780
0.705779, 0.377829
0.633978, 0.010478
0.460984, -0.292089
0.228060, -0.547101
-0.035929, -0.744986
-0.315369, -0.860351
-0.613764, -0.853942
-0.910403, -0.745168
-1.103148, -0.684761
-1.179517, -0.681481
-1.150801, -0.710759
-1.006254, -0.790636
-0.744208, -0.931123
-0.464889, -0.984454
-0.201364, -0.905523
0.056019, -0.733906
0.296655, -0.496084
0.494810, -0.205394
0.611689, 0.145626
0.601488, 0.592466
0.542901, 1.027853
0.541176, 1.305299
0.554440, 1.464220
0.552353, 1.530667
0.523889, 1.512791
0.469974, 1.412343
0.403299, 1.225211
0.355119, 0.931143
0.381414, 0.478597
0.409415, -0.026460
0.308967, -0.412066
0.127664, -0.716070
-0.087547, -0.957058
-0.307540, -1.129871
-0.517883, -1.218899
-0.721922, -1.197442
-0.941769, -1.027286
-1.113711, -0.806270
-1.152733, -0.657134
-1.081123, -0.547373
-0.912321, -0.468958
-0.641829, -0.450805
-0.285202, -0.489832
0.060105, -0.448691
0.362180, -0.302271
0.618345, -0.091762
0.811472, 0.158082
0.913403, 0.447289
0.883538, 0.812511
0.769618, 1.188069
0.690551, 1.405748
0.617326, 1.495100
0.523679, 1.487160
0.403499, 1.394623
0.263519, 1.223865
0.123755, 0.974811
0.025618, 0.627548
0.045107, 0.112474
0.086090, -0.436496
-0.005769, -0.816728
-0.158097, -1.094767
-0.321788, -1.296633
-0.471774, -1.423023
-0.597434, -1.466658
-0.701324, -1.414266
-0.805372, -1.236318
-0.939207, -0.899774
-0.994332, -0.561746
-0.915578, -0.297602
-0.740448, -0.069507
-0.493688, 0.123754
-0.188875, 0.256396
0.170998, 0.290056
0.536508, 0.276761
0.819980, 0.335137
1.013069, 0.450458
1.114695, 0.595805
1.108271, 0.778376
0.967482, 1.033224
0.773982, 1.243838
0.597749, 1.302890
0.413470, 1.248163
0.213275, 1.105682
0.007038, 0.890253
-0.180859, 0.608560
-0.308333, 0.248776
-0.313682, -0.237382
-0.269384, -0.748083
-0.315861, -1.095423
-0.400978, -1.325768
-0.483015, -1.468226
-0.543253, -1.528865
-0.576162, -1.506169
-0.587587, -1.393374
-0.599600, -1.170697
-0.656322, -0.793462
-0.703281, -0.345061
-0.621380, 0.015251
-0.442438, 0.313825
-0.206417, 0.564887
0.058788, 0.757419
0.338763, 0.865140
0.637918, 0.849069
0.928538, 0.740592
1.111164, 0.685973
1.179081, 0.685105
1.141957, 0.716580
0.987714, 0.801154
0.721270, 0.938932
0.444092, 0.979823
0.181152, 0.892259
-0.075513, 0.714802
-0.313863, 0.472767
-0.507259, 0.178360
-0.616126, -0.177853
-0.597518, -0.629647
-0.543037, -1.053193
-0.543832, -1.319696
-0.556212, -1.470866
-0.551871, -1.530582
-0.520857, -1.506302
-0.464913, -1.399462
-0.397741, -1.205348
-0.352327, -0.901908
-0.383350, -0.438941
-0.402593, 0.058378
-0.294685, 0.436817
-0.110220, 0.736224
0.105472, 0.972686
0.324347, 1.140165
0.532984, 1.222663
0.735995, 1.192821
0.954647, 1.014708
1.117954, 0.796765
1.148709, 0.649957
1.070386, 0.540693
0.895340, 0.463381
0.618784, 0.447818
0.260768, 0.483722
-0.082038, 0.435125
-0.381671, 0.284404
-0.634471, 0.071871
-0.822724, -0.178996
-0.917860, -0.469907
-0.879857, -0.838230
-0.766325, -1.205067
-0.687998, -1.412666
-0.612984, -1.494798
-0.516743, -1.480730
-0.394112, -1.382621
-0.252612, -1.206608
-0.113263, -0.952047
-0.019246, -0.597050
-0.045746, -0.072116
-0.078465, 0.466270
0.018600, 0.838323
0.171785, 1.111028
0.334140, 1.307854
0.481696, 1.428846
0.604639, 1.466538
0.706389, 1.407295
0.810139, 1.220478
0.942095, 0.878130
0.988552, 0.543920
0.903314, 0.281074
0.723590, 0.053379
0.473625, -0.138756
0.166716, -0.268814
-0.193630, -0.299764
-0.555261, -0.288495
-0.833573, -0.348650
-1.021451, -0.463656
-1.117316, -0.608138
-1.104058, -0.791001
-0.957441, -1.044943
-0.764068, -1.245970
-0.586773, -1.297040
-0.400577, -1.236280
-0.198881, -1.088835
0.007550, -0.869172
0.193472, -0.583427
0.315774, -0.218316
0.314495, 0.273565
0.275238, 0.774183
0.324906, 1.112381
0.409457, 1.336470
0.489245, 1.473305
0.546580, 1.528340
0.576632, 1.499877
0.585981, 1.380845
0.597828, 1.150491
0.655709, 0.765091
0.695746, 0.320098
0.607315, -0.036527
0.424775, -0.333023
0.187279, -0.581734
-0.077824, -0.770933
-0.356749, -0.874156
-0.654144, -0.853226
-0.939429, -0.744605
-1.115531, -0.690767
-1.177639, -0.688928
-1.134698, -0.719412
-0.974406, -0.803874
-0.705531, -0.936735
-0.428414, -0.969505
-0.164763, -0.876520
0.092049, -0.695386
0.329137, -0.450837
0.519403, -0.154483
0.623093, 0.204104
0.599942, 0.656565
0.547817, 1.070961
0.548813, 1.329853
0.559146, 1.475192
0.551859, 1.529600
0.517733, 1.500200
0.459098, 1.388311
0.390372, 1.188906
0.345684, 0.878915
0.378418, 0.409731
0.391940, -0.083076
0.279957, -0.457647
0.094245, -0.754227
-0.120775, -0.987606
-0.337711, -1.151421
-0.543734, -1.229713
-0.744005, -1.195209
-0.959383, -1.013243
-1.117476, -0.794252
-1.143608, -0.645366
-1.061325, -0.533342
-0.882978, -0.453180
-0.604414, -0.434234
-0.246114, -0.465984
0.096954, -0.415573
0.396184, -0.264770
0.647477, -0.053140
0.833252, 0.196134
0.925232, 0.485131
0.884144, 0.850976
0.769678, 1.211911
0.689394, 1.414167
0.611385, 1.491826
0.511874, 1.473604
0.386175, 1.371597
0.242273, 1.191972
0.101769, 0.933945
0.008708, 0.574896
0.037358, 0.046201
0.066391, -0.486996
-0.031950, -0.855073
-0.184061, -1.124542
-0.344024, -1.317938
-0.488478, -1.435187
-0.608060, -1.468916
-0.706589, -1.405561
-0.807650, -1.214429
-0.936711, -0.868846
-0.979577, -0.532831
-0.891561, -0.267606
-0.709812, -0.037631
-0.458825, 0.156456
-0.152355, 0.288435
0.205785, 0.321518
0.565609, 0.309068
0.842218, 0.365450
1.027480, 0.476488
1.120217, 0.617006
1.103745, 0.795926
0.954816, 1.044842
0.759567, 1.240245
0.579552, 1.287013
0.390667, 1.222559
0.186905, 1.071891
-0.020484, 0.849503
-0.205793, 0.561396
-0.325593, 0.193827
-0.321964, -0.298755
-0.285672, -0.792000
-0.335629, -1.124583
-0.418141, -1.344310
-0.494844, -1.476907
-0.548695, -1.527634
-0.575319, -1.494812
-0.581744, -1.371332
-0.591744, -1.136152
-0.648313, -0.746556
-0.684147, -0.302331
-0.592627, 0.053852
-0.408666, 0.350167
-0.171169, 0.598205
0.092631, 0.786198
0.369013, 0.888133
0.662506, 0.866633
0.944009, 0.756177
1.117214, 0.698198
1.176185, 0.692067
1.130135, 0.718239
0.967453, 0.797774
0.697130, 0.925033
0.417754, 0.954387
0.152024, 0.859183
-0.105947, 0.676502
-0.343001, 0.431120
-0.532010, 0.134633
-0.633527, -0.223458
-0.608831, -0.673479
-0.556686, -1.082302
-0.555815, -1.336672
-0.563073, -1.477997
-0.552206, -1.528473
-0.514415, -1.495208
-0.452390, -1.379589
-0.380974, -1.176596
-0.334870, -0.862908
-0.367122, -0.390577
-0.378505, 0.101692
-0.265414, 0.475347
-0.080066, 0.770724
0.133339, 1.002402
0.347666, 1.164164
0.550282, 1.240450
0.746280, 1.204711
0.956925, 1.022012
1.113324, 0.797690
1.138190, 0.642706
1.054489, 0.524889
0.875529, 0.438186
0.598496, 0.410562
0.240643, 0.437582
-0.105351, 0.390652
-0.406199, 0.243733
-0.657831, 0.035751
-0.843455, -0.209472
-0.935726, -0.493161
-0.895993, -0.851688
-0.779052, -1.209815
-0.694436, -1.411019
-0.612368, -1.486722
-0.508972, -1.466169
-0.379613, -1.361813
-0.232431, -1.180103
-0.089204, -0.920550
0.006027, -0.561019
-0.020731, -0.033582
-0.050626, 0.499816
0.045615, 0.867551
0.194988, 1.135666
0.351647, 1.327109
0.492408, 1.442140
0.608045, 1.473722
0.702352, 1.408759
0.798542, 1.217434
0.924068, 0.870547
0.967976, 0.527645
0.880494, 0.256796
0.698993, 0.022178
0.448867, -0.176542
0.144937, -0.314267
-0.208799, -0.353591
-0.568597, -0.337344
-0.846706, -0.384969
-1.031736, -0.488772
-1.123707, -0.622584
-1.107188, -0.793862
-0.958753, -1.034535
-0.759781, -1.227960
-0.575594, -1.273675
-0.383322, -1.207595
-0.176943, -1.055242
0.032159, -0.831471
0.218175, -0.542539
0.337953, -0.175129
0.335290, 0.314324
0.299725, 0.803116
0.347614, 1.133000
0.426895, 1.349969
0.499828, 1.479525
0.549707, 1.527069
0.572402, 1.491110
0.575139, 1.364737
0.581806, 1.127200
0.635259, 0.736359
0.669529, 0.290241
0.577733, -0.068137
0.394099, -0.365812
0.157761, -0.614543
-0.103807, -0.803042
-0.376522, -0.906185
-0.664575, -0.887305
-0.943633, -0.773575
-1.116974, -0.707406
-1.175052, -0.694238
-1.128134, -0.713366
-0.965976, -0.784152
-0.694873, -0.905481
-0.411268, -0.935422
-0.142263, -0.840743
0.117762, -0.658332
0.355869, -0.413546
0.545234, -0.118453
0.647054, 0.236799
0.622914, 0.682312
0.568673, 1.088702
0.564336, 1.341017
0.567734, 1.479792
0.552802, 1.527454
0.510910, 1.491335
0.444927, 1.373052
0.369885, 1.167842
0.320634, 0.852739
0.350944, 0.379314
0.363207, -0.115801
0.251263, -0.490793
0.067468, -0.786203
-0.143645, -1.017230
-0.354895, -1.178152
-0.553560, -1.254050
-0.744236, -1.219513
-0.949052, -1.038454
-1.106383, -0.805682
-1.132667, -0.641417
-1.049514, -0.515491
-0.871890, -0.419586
-0.598854, -0.379545
-0.242521, -0.400495
0.108400, -0.360988
0.412565, -0.221283
0.666004, -0.019231
0.853242, 0.219986
0.948327, 0.495833
0.913315, 0.843342
0.793063, 1.200588
0.702250, 1.404151
0.615304, 1.479889
0.507574, 1.458421
0.374134, 1.352899
0.223045, 1.170246
0.075964, 0.910590
-0.023688, 0.553144
-0.001769, 0.030604
0.032181, -0.506798
-0.059515, -0.876856
-0.204951, -1.144989
-0.357657, -1.335540
-0.494314, -1.449423
-0.605613, -1.480103
-0.695052, -1.415191
-0.784989, -1.226335
-0.906271, -0.879870
-0.954397, -0.526677
-0.869836, -0.247934
-0.690165, -0.007146
-0.442118, 0.197820
-0.141944, 0.343490
0.205949, 0.391832
0.566407, 0.370994
0.848396, 0.406288
1.034917, 0.500533
1.127693, 0.625836
1.113090, 0.787211
0.967025, 1.017489
0.763173, 1.211292
0.573741, 1.258320
0.377560, 1.192090
0.168161, 1.039123
-0.043198, 0.814887
-0.230834, 0.526167
-0.352201, 0.160588
-0.352281, -0.323752
-0.315813, -0.810253
-0.360172, -1.139297
-0.435511, -1.354524
-0.504279, -1.481797
-0.549906, -1.526856
-0.568379, -1.488502
-0.566985, -1.360151
-0.569490, -1.121642
-0.619017, -0.730951
-0.653485, -0.281101
-0.563055, 0.081020
-0.380701, 0.380890
-0.146109, 0.631001
0.112804, 0.820810
0.381420, 0.926222
0.663506, 0.911211
0.940804, 0.793529
1.116024, 0.716902
1.174456, 0.695217
1.127823, 0.705938
0.967575, 0.766206
0.696077, 0.881417
0.407038, 0.914375
0.134006, 0.821927
-0.128606, 0.640870
-0.368371, 0.397492
-0.558944, 0.104605
-0.662261, -0.246714
-0.639470, -0.687042
-0.581951, -1.092810
-0.573352, -1.344362
-0.572539, -1.481333
-0.553342, -1.526734
-0.507173, -1.488251
-0.436994, -1.367799
-0.357926, -1.160986
-0.304820, -0.845418
-0.332797, -0.371486
-0.347497, 0.128252
-0.237659, 0.505551
-0.055861, 0.801467
0.152742, 1.032230
0.360794, 1.192732
0.555398, 1.268749
0.740556, 1.236065
0.939201, 1.057481
1.098403, 0.815235
1.127324, 0.640281
1.045503, 0.505377
0.869810, 0.399510
0.601342, 0.346154
0.247453, 0.359621
-0.109083, 0.328879
-0.417404, 0.198052
-0.673247, 0.003008
-0.862682, -0.229423
-0.961287, -0.496669
-0.932041, -0.831991
-0.808615, -1.188463
-0.710845, -1.395799
-0.618717, -1.472363
-0.506530, -1.450499
-0.368924, -1.344211
-0.213802, -1.160973
-0.062621, -0.901605
0.041937, -0.546841
0.025623, -0.030160
-0.013114, 0.512127
0.073337, 0.885291
0.214527, 1.153804
0.363130, 1.343714
0.495609, 1.456675
0.602527, 1.486674
0.687060, 1.422031
0.770694, 1.235866
0.887394, 0.890472
0.940351, 0.526425
0.859298, 0.239319
0.681758, -0.007768
0.435905, -0.218935
0.139400, -0.372322
-0.202683, -0.429712
-0.563406, -0.405085
-0.849891, -0.427266
-1.038283, -0.511521
-1.132035, -0.628186
-1.119371, -0.779723
-0.975749, -0.999590
-0.766824, -1.194193
-0.571839, -1.243151
-0.371622, -1.177083
-0.159120, -1.023686
0.054588, -0.799121
0.243954, -0.510735
0.366958, -0.147022
0.369307, 0.332838
0.331379, 0.817785
0.372160, 1.146103
0.443611, 1.359595
0.508281, 1.484573
0.549720, 1.527121
0.564041, 1.486311
0.558620, 1.355856
0.557215, 1.116051
0.603464, 0.724644
0.638421, 0.270643
0.549127, -0.095013
0.367762, -0.396788
0.134653, -0.647943
-0.121886, -0.838571
-0.386856, -0.945379
-0.663813, -0.932756
-0.939495, -0.810819
-1.116199, -0.724331
-1.174589, -0.694704
-1.127753, -0.697703
-0.968604, -0.748619
-0.696236, -0.858398
-0.401758, -0.894333
-0.124770, -0.803951
0.140300, -0.624039
0.381517, -0.381847
0.572924, -0.090836
0.676976, 0.257303
0.654355, 0.693811
0.593659, 1.098743
0.581229, 1.348924
0.576490, 1.483668
0.553243, 1.526466
0.503000, 1.485290
0.428884, 1.362300
0.346210, 1.153366
0.290093, 0.836328
0.317016, 0.360262
0.333477, -0.143368
0.224747, -0.521947
0.044313, -0.817702
-0.162194, -1.047623
-0.367381, -1.207030
-0.558344, -1.282202
-0.738811, -1.249739
-0.932349, -1.071721
-1.092365, -0.821284
-1.122695, -0.637169
-1.041179, -0.494570
-0.866214, -0.380446
-0.600502, -0.316553
-0.248499, -0.323242
0.112641, -0.299301
0.424386, -0.175981
0.681848, 0.013116
0.872397, 0.239830
0.972809, 0.500139
0.946883, 0.825991
0.820748, 1.180585
0.717094, 1.389778
0.620319, 1.465992
0.504022, 1.442859
0.362606, 1.335054
0.203969, 1.150486
0.049586, 0.890443
-0.058117, 0.536499
-0.044832, 0.022615
-0.003389, -0.521989
-0.086434, -0.896184
-0.224313, -1.163966
-0.369346, -1.352372
-0.498014, -1.463529
-0.600933, -1.491788
-0.681215, -1.425923
-0.759987, -1.239885
-0.873040, -0.893742
-0.928296, -0.521681
-0.848748, -0.228294
-0.671918, 0.023472
-0.427047, 0.238945
-0.132767, 0.397240
0.205355, 0.460121
0.565664, 0.432525
0.854685, 0.444676
1.043392, 0.521190
1.136536, 0.631186
1.123619, 0.775558
0.979989, 0.988066
0.766693, 1.181912
0.567072, 1.230798
0.363310, 1.163551
0.148110, 1.008714
-0.067390, 0.782948
-0.257530, 0.493889
-0.380339, 0.130216
-0.382070, -0.348447
-0.343491, -0.830657
-0.382325, -1.156162
-0.450809, -1.366672
-0.511954, -1.488418
-0.549648, -1.527574
-0.560289, -1.483344
-0.551559, -1.349523
-0.547648, -1.106310
-0.592745, -0.711077
-0.626707, -0.254339
-0.536189, 0.112551
-0.354234, 0.414714
-0.121530, 0.665532
0.133524, 0.855257
0.395997, 0.960871
0.669777, 0.946734
0.943653, 0.820204
1.119068, 0.727586
1.175247, 0.692778
1.126103, 0.690712
0.965197, 0.736165
0.690303, 0.842573
0.391772, 0.878671
0.111952, 0.787944
-0.154670, 0.607512
-0.396239, 0.365184
-0.586841, 0.074593
-0.688969, -0.272834
-0.663472, -0.708715
-0.601035, -1.110397
-0.586423, -1.356602
-0.578636, -1.487506
-0.551919, -1.526464
-0.498152, -1.481468
-0.420825, -1.354752
-0.335748, -1.142135
-0.278923, -0.820840
-0.307586, -0.339065
-0.322814, 0.165013
-0.212381, 0.541907
-0.031766, 0.835790
0.173551, 1.063428
0.376530, 1.220114
0.564639, 1.292259
0.741971, 1.256584
0.932760, 1.074689
1.090978, 0.819016
1.119066, 0.630158
1.035175, 0.483076
0.858298, 0.364360
0.591812, 0.295465
0.239300, 0.299010
-0.124125, 0.277499
-0.436885, 0.157207
-0.693867, -0.029096
-0.883041, -0.252806
-0.981670, -0.509741
-0.953796, -0.831960
-0.825093, -1.183343
-0.718305, -1.389414
-0.618168, -1.462326
-0.498497, -1.435847
-0.353970, -1.324818
-0.192836, -1.137293
-0.037029, -0.874576
0.070352, -0.517785
0.054843, -0.000487
0.014801, 0.541291
0.098279, 0.912083
0.234725, 1.176842
0.377219, 1.362010
0.502758, 1.469644
0.602354, 1.494175
0.679498, 1.424416
0.755828, 1.234081
0.867358, 0.883226
0.920109, 0.508418
0.838029, 0.212843
0.659223, -0.040744
0.413246, -0.257447
0.118981, -0.416302
-0.218120, -0.478780
-0.577587, -0.448146
-0.865116, -0.456304
-1.051045, -0.529382
-1.140748, -0.636123
-1.123942, -0.777659
-0.976114, -0.987977
-0.759783, -1.178076
-0.557485, -1.222752
-0.351193, -1.151713
-0.134114, -0.993565
0.082095, -0.765026
0.271236, -0.473526
0.390716, -0.106863
0.387705, 0.375116
0.350572, 0.851556
0.390112, 1.170714
0.457024, 1.376206
0.515481, 1.493196
0.550075, 1.527553
0.557744, 1.478391
0.546794, 1.339279
0.542465, 1.089536
0.589117, 0.686475
0.619100, 0.230128
0.523839, -0.134490
0.339133, -0.434897
0.105456, -0.683490
-0.149186, -0.870018
-0.410513, -0.971140
-0.683375, -0.950731
-0.954747, -0.819737
-1.124760, -0.726442
-1.175681, -0.690250
-1.121372, -0.686674
-0.954974, -0.731720
-0.675542, -0.837167
-0.375328, -0.868771
-0.094460, -0.774000
0.172344, -0.590638
0.412669, -0.346340
0.600177, -0.054210
0.696862, 0.295688
0.665056, 0.734339
0.603256, 1.128858
0.588536, 1.367677
0.578747, 1.492668
0.549246, 1.526199
0.492620, 1.475955
0.412994, 1.344019
0.327051, 1.125752
0.272438, 0.796702
0.305753, 0.305523
0.315421, -0.193929
0.200021, -0.565629
0.017541, -0.855649
-0.187527, -1.079309
-0.388963, -1.231363
-0.575044, -1.297958
-0.750941, -1.255178
-0.941531, -1.064487
-1.094575, -0.807415
-1.116037, -0.619064
-1.026662, -0.471196
-0.844941, -0.351984
-0.573911, -0.284122
-0.218098, -0.288919
0.144835, -0.264777
0.455599, -0.142067
0.709596, 0.045156
0.894551, 0.268957
0.987405, 0.526473
0.951837, 0.851414
0.820893, 1.197813
0.714059, 1.395085
0.611962, 1.461369
0.489710, 1.429230
0.342837, 1.313088
0.180341, 1.120822
0.025114, 0.853221
-0.078054, 0.489489
-0.054988, -0.037481
-0.021231, -0.570301
-0.109051, -0.933136
-0.245950, -1.192486
-0.386935, -1.372586
-0.510023, -1.474886
-0.606985, -1.493613
-0.682144, -1.417183
-0.758534, -1.217989
-0.870418, -0.858753
-0.915497, -0.486840
-0.826798, -0.193143
-0.643352, 0.059476
-0.394256, 0.274432
-0.097931, 0.429685
0.240895, 0.486129
0.598925, 0.452580
0.880721, 0.462979
1.060727, 0.536871
1.144161, 0.643676
1.119878, 0.786610
0.964004, 0.999385
0.746359, 1.182114
0.543334, 1.218408
0.335516, 1.140994
0.117398, 0.977702
-0.098389, 0.744852
-0.284690, 0.449144
-0.397672, 0.076441
-0.386516, -0.412482
-0.353495, -0.879394
-0.396045, -1.189054
-0.462563, -1.387686
-0.519040, -1.498514
-0.551093, -1.526762
-0.556433, -1.471261
-0.544296, -1.325046
-0.541547, -1.065807
-0.591738, -0.651900
-0.614381, -0.199577
-0.511419, 0.159859
-0.322227, 0.456739
-0.086498, 0.701504
0.168577, 0.882874
0.429868, 0.976687
0.703610, 0.946150
0.971188, 0.811842
1.132216, 0.722565
1.175327, 0.688086
1.113415, 0.686014
0.938347, 0.734946
0.653265, 0.840510
0.353667, 0.863147
0.073276, 0.761193
-0.192523, 0.572909
-0.430194, 0.325127
-0.612609, 0.029797
