0.100000, 7.503335
0.473276, 6.949110
0.775253, 5.812494
0.985111, 4.372437
1.104519, 2.729793
1.120455, 0.938923
1.004111, -0.890881
0.808728, -2.264936
0.629733, -3.391370
0.447242, -4.389041
0.248996, -5.160379
0.041991, -5.598730
-0.152120, -5.610868
-0.295117, -5.164278
-0.326362, -4.413411
-0.273009, -3.916371
-0.304421, -3.578996
-0.385934, -2.990008
-0.469765, -2.170779
-0.534046, -1.207789
-0.571188, -0.181079
-0.584882, 0.836816
-0.593599, 1.776957
-0.639767, 2.664496
-0.702543, 3.890939
-0.643574, 5.169374
-0.478647, 6.132948
-0.250406, 6.653516
0.011065, 6.697766
0.288547, 6.305772
0.583644, 5.545968
0.884684, 4.279747
1.090002, 2.555782
1.176809, 0.757275
1.158297, -1.060355
1.026095, -2.877538
0.771936, -4.452641
0.489837, -5.469034
0.224941, -6.168703
-0.033541, -6.504664
-0.276857, -6.394012
-0.480576, -5.807142
-0.607321, -4.804549
-0.609813, -3.591196
-0.547491, -2.662575
-0.541067, -1.858311
-0.554039, -0.931016
-0.553529, 0.075192
-0.527136, 1.088353
-0.474772, 2.036208
-0.407891, 2.839470
-0.355498, 3.425476
-0.373398, 3.894608
-0.410872, 4.711128
-0.321295, 5.495563
-0.145333, 5.879263
0.067988, 5.794963
0.288091, 5.294818
0.499159, 4.476590
0.702593, 3.450119
0.920591, 2.236742
1.103018, 0.511032
1.153863, -1.340693
1.091613, -3.094900
0.931778, -4.717279
0.671349, -6.136519
0.318824, -7.080479
-0.031029, -7.346767
-0.337288, -7.114221
-0.598307, -6.416849
-0.798257, -5.299951
-0.910107, -3.851592
-0.893648, -2.207813
-0.779645, -0.875579
-0.697007, 0.197961
-0.624280, 1.291561
-0.532579, 2.351660
-0.414362, 3.298035
-0.275274, 4.039972
-0.133975, 4.474124
-0.029341, 4.516527
-0.036471, 4.308437
-0.088284, 4.594436
-0.005820, 4.865949
0.143549, 4.715922
0.307413, 4.177280
0.459105, 3.352525
0.586866, 2.343857
0.691997, 1.241259
0.794349, 0.121266
0.927876, -1.153699
0.995865, -2.875124
0.927213, -4.494580
0.759212, -5.850499
0.517818, -6.853279
0.217610, -7.427548
-0.138567, -7.494101
-0.508859, -6.863105
-0.800658, -5.689636
-1.001345, -4.227419
-1.111119, -2.568143
-1.114840, -0.763586
-0.984163, 1.044410
-0.789306, 2.364705
-0.612401, 3.481258
-0.429294, 4.462916
-0.230155, 5.208483
-0.023571, 5.611512
0.167313, 5.581322
0.302115, 5.095041
0.318678, 4.340388
0.268710, 3.897210
0.308900, 3.546592
0.392970, 2.934438
0.476345, 2.098602
0.538884, 1.126299
0.574116, 0.096689
0.586888, -0.917893
0.597633, -1.850061
0.650335, -2.753204
0.705779, -4.019751
0.633978, -5.280197
0.460984, -6.208114
0.228060, -6.686050
-0.035929, -6.688584
-0.315369, -6.260896
-0.613764, -5.465480
-0.910403, -4.133618
-1.103148, -2.394922
-1.179517, -0.594645
-1.150801, 1.224544
-1.006254, 3.037644
-0.744208, 4.557448
-0.464889, 5.538077
-0.201364, 6.209704
0.056019, 6.509141
0.296655, 6.356520
0.494810, 5.728749
0.611689, 4.696659
0.601488, 3.489012
0.542901, 2.600811
0.541176, 1.788226
0.554440, 0.851151
0.552353, -0.158708
0.523889, -1.169430
0.469974, -2.108462
0.403299, -2.895996
0.355119, -3.463923
0.381414, -3.952375
0.409415, -4.797252
0.308967, -5.554335
0.127664, -5.896630
-0.087547, -5.772281
-0.307540, -5.239516
-0.517883, -4.398026
-0.721922, -3.357115
-0.941769, -2.109362
-1.113711, -0.343958
-1.152733, 1.500562
-1.081123, 3.244486
-0.912321, 4.853119
-0.641829, 6.246196
-0.285202, 7.124505
0.060105, 7.342380
0.362180, 7.069045
0.618345, 6.332850
0.811472, 5.183164
0.913403, 3.711226
0.883538, 2.068566
0.769618, 0.787485
0.690551, -0.287200
0.617326, -1.381692
0.523679, -2.435747
0.403499, -3.368779
0.263519, -4.088957
0.123755, -4.492801
0.025618, -4.503301
0.045107, -4.313167
0.086090, -4.640031
-0.005769, -4.876164
-0.158097, -4.687846
-0.321788, -4.119345
-0.471774, -3.274068
-0.597434, -2.252982
-0.701324, -1.145050
-0.805372, -0.022336
-0.939207, 1.295786
-0.994332, 3.024799
-0.915578, 4.623500
-0.740448, 5.951469
-0.493688, 6.919145
-0.188875, 7.452389
0.170998, 7.465514
0.536508, 6.775281
0.819980, 5.573940
1.013069, 4.093830
1.114695, 2.421996
1.108271, 0.609036
0.967482, -1.173042
0.773982, -2.459763
0.597749, -3.568672
0.413470, -4.535106
0.213275, -5.256346
0.007038, -5.626552
-0.180859, -5.558427
-0.308333, -5.039897
-0.313682, -4.289812
-0.269384, -3.879476
-0.315861, -3.507315
-0.400978, -2.871921
-0.483015, -2.020544
-0.543253, -1.039947
-0.576162, -0.008222
-0.587587, 1.002681
-0.599600, 1.927819
-0.656322, 2.848153
-0.703281, 4.135062
-0.621380, 5.371044
-0.442438, 6.262622
-0.206417, 6.699907
0.058788, 6.663535
0.338763, 6.202430
0.637918, 5.372973
0.928538, 3.994222
1.111164, 2.248001
1.179081, 0.447205
1.141957, -1.371188
0.987714, -3.174994
0.721270, -4.647149
0.444092, -5.603252
0.181152, -6.249976
-0.075513, -6.516350
-0.313863, -6.326547
-0.507259, -5.664306
-0.616126, -4.610043
-0.597518, -3.410218
-0.543037, -2.540990
-0.543832, -1.715330
-0.556212, -0.767892
-0.551871, 0.245969
-0.520857, 1.254726
-0.464913, 2.185633
-0.397741, 2.958674
-0.352327, 3.510860
-0.383350, 4.014726
-0.402593, 4.865435
-0.294685, 5.591070
-0.110220, 5.894760
0.105472, 5.734895
0.324347, 5.173856
0.532984, 4.312394
0.735995, 3.258462
0.954647, 1.984514
1.117954, 0.201419
1.148709, -1.635626
1.070386, -3.369294
0.895340, -4.962750
0.618784, -6.328553
0.260768, -7.159702
-0.082038, -7.342476
-0.381671, -7.035272
-0.634471, -6.267250
-0.822724, -5.091969
-0.917860, -3.602783
-0.879857, -1.961441
-0.766325, -0.703884
-0.687998, 0.375858
-0.612984, 1.472109
-0.516743, 2.521716
-0.394112, 3.443661
-0.252612, 4.145166
-0.113263, 4.522977
-0.019246, 4.506718
-0.045746, 4.327147
-0.078465, 4.662580
0.018600, 4.864695
0.171785, 4.643985
0.334140, 4.051205
0.481696, 3.189974
0.604639, 2.160026
0.706389, 1.049201
0.810139, -0.074511
0.942095, -1.416856
0.988552, -3.141719
0.903314, -4.721694
0.723590, -6.024947
0.473625, -6.961440
0.166716, -7.458199
-0.193630, -7.428720
-0.555261, -6.699997
-0.833573, -5.476525
-1.021451, -3.981665
-1.117316, -2.300625
-1.104058, -0.483345
-0.957441, 1.280631
-0.764068, 2.552162
-0.586773, 3.655110
-0.400577, 4.608212
-0.198881, 5.308152
0.007550, 5.649850
0.193472, 5.549614
0.315774, 5.005349
0.314495, 4.257772
0.275238, 3.855039
0.324906, 3.458117
0.409457, 2.801415
0.489245, 1.936569
0.546580, 0.949346
0.576632, -0.083211
0.585981, -1.089592
0.597828, -2.007283
0.655709, -2.937106
0.695746, -4.225144
0.607315, -5.435303
0.424775, -6.293811
0.187279, -6.695367
-0.077824, -6.625114
-0.356749, -6.134950
-0.654144, -5.278777
-0.939429, -3.875077
-1.115531, -2.123806
-1.177639, -0.322322
-1.134698, 1.493808
-0.974406, 3.287123
-0.705531, 4.730395
-0.428414, 5.670223
-0.164763, 6.295242
0.092049, 6.532873
0.329137, 6.311298
0.519403, 5.620244
0.623093, 4.547152
0.599942, 3.347334
0.547817, 2.478459
0.548813, 1.637988
0.559146, 0.680443
0.551859, -0.337415
0.517733, -1.344475
0.459098, -2.267757
0.390372, -3.027007
0.345684, -3.563083
0.378418, -4.068555
0.391940, -4.908946
0.279957, -5.604653
0.094245, -5.875204
-0.120775, -5.685586
-0.337711, -5.101222
-0.543734, -4.223486
-0.744005, -3.159073
-0.959383, -1.873594
-1.117476, -0.087929
-1.143608, 1.743494
-1.061325, 3.468094
-0.882978, 5.046466
-0.604414, 6.388396
-0.246114, 7.194616
0.096954, 7.353117
0.396184, 7.018515
0.647477, 6.225246
0.833252, 5.030507
0.925232, 3.528388
0.884144, 1.881819
0.769678, 0.622564
0.689394, -0.464440
0.611385, -1.563513
0.511874, -2.610677
0.386175, -3.524319
0.242273, -4.210808
0.101769, -4.567046
0.008708, -4.527043
0.037358, -4.339304
0.066391, -4.659168
-0.031950, -4.831555
-0.184061, -4.585237
-0.344024, -3.974097
-0.488478, -3.101640
-0.608060, -2.066490
-0.706589, -0.955327
-0.807650, 0.165990
-0.936711, 1.508076
-0.979577, 3.222244
-0.891561, 4.787227
-0.709812, 6.070565
-0.458825, 6.981367
-0.152355, 7.448312
0.205785, 7.390925
0.565609, 6.642642
0.842218, 5.400912
1.027480, 3.893533
1.120217, 2.205854
1.103745, 0.386949
0.954816, -1.372508
0.759567, -2.643176
0.579552, -3.741694
0.390667, -4.683798
0.186905, -5.365973
-0.020484, -5.683908
-0.205793, -5.557273
-0.325593, -4.991821
-0.321964, -4.238214
-0.285672, -3.821376
-0.335629, -3.398818
-0.418141, -2.723196
-0.494844, -1.847066
-0.548695, -0.854940
-0.575319, 0.177094
-0.581744, 1.177939
-0.591744, 2.086764
-0.648313, 3.013725
-0.684147, 4.287945
-0.592627, 5.473050
-0.408666, 6.302974
-0.171169, 6.674416
0.092631, 6.575763
0.369013, 6.061489
0.662506, 5.187959
0.944009, 3.779136
1.117214, 2.023619
1.176185, 0.220859
1.130135, -1.592062
0.967453, -3.376227
0.697130, -4.811041
0.417754, -5.741000
0.152024, -6.347506
-0.105947, -6.560760
-0.343001, -6.312538
-0.532010, -5.597228
-0.633527, -4.506154
-0.608831, -3.294940
-0.556686, -2.412132
-0.555815, -1.556251
-0.563073, -0.589001
-0.552206, 0.432822
-0.514415, 1.438437
-0.452390, 2.354545
-0.380974, 3.100419
-0.334870, 3.618506
-0.367122, 4.108925
-0.378505, 4.928053
-0.265414, 5.597162
-0.080066, 5.840400
0.133339, 5.626649
0.347666, 5.023658
0.550282, 4.133199
0.746280, 3.061182
0.956925, 1.779204
1.113324, 0.002419
1.138190, -1.825678
1.054489, -3.542852
0.875529, -5.107120
0.598496, -6.429738
0.240643, -7.230848
-0.105351, -7.374983
-0.406199, -7.018886
-0.657831, -6.206146
-0.843455, -4.997076
-0.935726, -3.485290
-0.895993, -1.825785
-0.779052, -0.543155
-0.694436, 0.552813
-0.612368, 1.655809
-0.508972, 2.702558
-0.379613, 3.610693
-0.232431, 4.285783
-0.089204, 4.624658
0.006027, 4.562888
-0.020731, 4.346952
-0.050626, 4.632743
0.045615, 4.779665
0.194988, 4.513817
0.351647, 3.889546
0.492408, 3.010040
0.608045, 1.972940
0.702352, 0.863777
0.798542, -0.251537
0.924068, -1.570938
0.967976, -3.269455
0.880494, -4.823076
0.698993, -6.091265
0.448867, -6.981854
0.144937, -7.425588
-0.208799, -7.353284
-0.568597, -6.602319
-0.846706, -5.345397
-1.031736, -3.826922
-1.123707, -2.134402
-1.107188, -0.315627
-0.958753, 1.452002
-0.759781, 2.733445
-0.575594, 3.828845
-0.383322, 4.762054
-0.176943, 5.429641
0.032159, 5.727977
0.218175, 5.579627
0.337953, 4.995643
0.335290, 4.226213
0.299725, 3.779183
0.347614, 3.330978
0.426895, 2.638569
0.499828, 1.753019
0.549707, 0.757466
0.572402, -0.272850
0.575139, -1.267154
0.581806, -2.165273
0.635259, -3.077293
0.669529, -4.327074
0.577733, -5.488462
0.394099, -6.294002
0.157761, -6.640327
-0.103807, -6.518129
-0.376522, -5.984248
-0.664575, -5.101239
-0.943633, -3.703008
-1.116974, -1.943791
-1.175052, -0.139008
-1.128134, 1.670302
-0.965976, 3.447127
-0.694873, 4.889872
-0.411268, 5.815262
-0.142263, 6.405896
0.117762, 6.598339
0.355869, 6.327536
0.545234, 5.591253
0.647054, 4.482001
0.622914, 3.249341
0.568673, 2.342562
0.564336, 1.471210
0.567734, 0.494673
0.552802, -0.531070
0.510910, -1.535447
0.444927, -2.444748
0.369885, -3.177475
0.320634, -3.675457
0.350944, -4.136667
0.363207, -4.927400
0.251263, -5.573267
0.067468, -5.794079
-0.143645, -5.560749
-0.354895, -4.942932
-0.553560, -4.042700
-0.744236, -2.965535
-0.949052, -1.697632
-1.106383, 0.060597
-1.132667, 1.887323
-1.049514, 3.598782
-0.871890, 5.150411
-0.598854, 6.457003
-0.242521, 7.266157
0.108400, 7.404892
0.412565, 7.031908
0.666004, 6.203945
0.853242, 4.984280
0.948327, 3.465342
0.913315, 1.788490
0.793063, 0.465509
0.702250, -0.640734
0.615304, -1.748321
0.507574, -2.796113
0.374134, -3.700839
0.223045, -4.367289
0.075964, -4.692012
-0.023688, -4.610015
-0.001769, -4.352057
0.032181, -4.590077
-0.059515, -4.714556
-0.204951, -4.433541
-0.357657, -3.799898
-0.494314, -2.916366
-0.605613, -1.879724
-0.695052, -0.774423
-0.784989, 0.332298
-0.906271, 1.614476
-0.954397, 3.292557
-0.869836, 4.837371
-0.690165, 6.094021
-0.442118, 6.968616
-0.141944, 7.394018
0.205949, 7.314431
0.566407, 6.573739
0.848396, 5.303918
1.034917, 3.774696
1.127693, 2.078036
1.113090, 0.260173
0.967025, -1.522850
0.763173, -2.823673
0.573741, -3.916587
0.377560, -4.842047
0.168161, -5.496953
-0.043198, -5.778210
-0.230834, -5.610741
-0.352201, -5.008784
-0.352281, -4.216154
-0.315813, -3.730544
-0.360172, -3.257502
-0.435511, -2.549993
-0.504279, -1.656393
-0.549906, -0.658502
-0.568379, 0.369159
-0.566985, 1.355990
-0.569490, 2.241598
-0.619017, 3.130714
-0.653485, 4.350781
-0.563055, 5.490130
-0.380701, 6.274324
-0.146109, 6.598858
0.112804, 6.456366
0.381420, 5.906047
0.663506, 5.017806
0.940804, 3.638362
1.116024, 1.875695
1.174456, 0.068013
1.127823, -1.738009
0.967575, -3.508772
0.696077, -4.967543
0.407038, -5.891426
0.134006, -6.467199
-0.128606, -6.640409
-0.368371, -6.348866
-0.558944, -5.592847
-0.662261, -4.464565
-0.639470, -3.205157
-0.581951, -2.270586
-0.573352, -1.384552
-0.572539, -0.399369
-0.553342, 0.629988
-0.507173, 1.633006
-0.436994, 2.535447
-0.357926, 3.254804
-0.304820, 3.731012
-0.332797, 4.155839
-0.347497, 4.916315
-0.237659, 5.541617
-0.055861, 5.742748
0.152742, 5.492228
0.360794, 4.861602
0.555398, 3.953299
0.740556, 2.872492
0.939201, 1.621520
1.098403, -0.113018
1.127324, -1.939542
1.045503, -3.646614
0.869810, -5.187098
0.601342, -6.479049
0.247453, -7.298513
-0.109083, -7.436575
-0.417404, -7.048224
-0.673247, -6.206233
-0.862682, -4.977015
-0.961287, -3.451697
-0.932041, -1.757856
-0.808615, -0.388331
-0.710845, 0.728392
-0.618717, 1.840267
-0.506530, 2.889207
-0.368924, 3.790906
-0.213802, 4.449342
-0.062621, 4.760704
0.041937, 4.658862
0.025623, 4.356237
-0.013114, 4.542465
0.073337, 4.645696
0.214527, 4.350967
0.363130, 3.709176
0.495609, 2.822629
0.602527, 1.787327
0.687060, 0.686763
0.770694, -0.410457
0.887394, -1.653724
0.940351, -3.308936
0.859298, -4.845712
0.681758, -6.091991
0.435905, -6.952000
0.139400, -7.360634
-0.202683, -7.274223
-0.563406, -6.547144
-0.849891, -5.264943
-1.038283, -3.724110
-1.132035, -2.022649
-1.119371, -0.205075
-0.975749, 1.593118
-0.766824, 2.914944
-0.571839, 4.004623
-0.371622, 4.921738
-0.159120, 5.563559
0.054588, 5.827357
0.243954, 5.640075
0.366958, 5.018305
0.369307, 4.199981
0.331379, 3.678444
0.372160, 3.182694
0.443611, 2.461178
0.508281, 1.560231
0.549720, 0.560570
0.564041, -0.463861
0.558620, -1.442455
0.557215, -2.314266
0.603464, -3.179609
0.638421, -4.372544
0.549127, -5.491829
0.367762, -6.255507
0.134653, -6.558604
-0.121886, -6.396235
-0.386856, -5.830250
-0.663813, -4.936635
-0.939495, -3.572259
-1.116199, -1.805120
-1.174589, 0.006067
-1.127753, 1.809674
-0.968604, 3.575103
-0.696236, 5.046623
-0.401758, 5.966960
-0.124770, 6.526076
0.140300, 6.678447
0.381517, 6.364569
0.572924, 5.587107
0.676976, 4.438166
0.654355, 3.153468
0.593659, 2.196754
0.581229, 1.298083
0.576490, 0.305309
0.553243, -0.726817
0.503000, -1.727653
0.428884, -2.622318
0.346210, -3.327168
0.290093, -3.780532
0.317016, -4.172268
0.333477, -4.908774
0.224747, -5.514765
0.044313, -5.695522
-0.162194, -5.426861
-0.367381, -4.782729
-0.558344, -3.866090
-0.738811, -2.781820
-0.932349, -1.542636
-1.092365, 0.173740
-1.122695, 2.000008
-1.041179, 3.702726
-0.866214, 5.232585
-0.600502, 6.509350
-0.248499, 7.329549
0.112641, 7.461932
0.424386, 7.054791
0.681848, 6.195718
0.872397, 4.954216
0.972809, 3.420419
0.946883, 1.712707
0.820748, 0.308449
0.717094, -0.816608
0.620319, -1.931286
0.504022, -2.979594
0.362606, -3.876126
0.203969, -4.523976
0.049586, -4.819046
-0.058117, -4.695289
-0.044832, -4.357028
-0.003389, -4.503989
-0.086434, -4.585257
-0.224313, -4.274504
-0.369346, -3.622519
-0.498014, -2.731366
-0.600933, -1.696253
-0.681215, -0.599843
-0.759987, 0.488736
-0.873040, 1.705431
-0.928296, 3.342170
-0.848748, 4.869390
-0.671918, 6.102842
-0.427047, 6.945443
-0.132767, 7.334345
0.205355, 7.234742
0.565664, 6.510087
0.854685, 5.212630
1.043392, 3.658719
1.136536, 1.950839
1.123619, 0.131559
0.979989, -1.675226
0.766693, -3.007923
0.567072, -4.091917
0.363310, -4.998118
0.148110, -5.623664
-0.067390, -5.866207
-0.257530, -5.654897
-0.380339, -5.009818
-0.382070, -4.169777
-0.343491, -3.626870
-0.382325, -3.111496
-0.450809, -2.376170
-0.511954, -1.467744
-0.549648, -0.466238
-0.560289, 0.554868
-0.551559, 1.524836
-0.547648, 2.382650
-0.592745, 3.231705
-0.626707, 4.408465
-0.536189, 5.508914
-0.354234, 6.249667
-0.121530, 6.527939
0.133524, 6.342663
0.395997, 5.758832
0.669777, 4.855760
0.943653, 3.490540
1.119068, 1.716329
1.175247, -0.097948
1.126103, -1.899827
0.965197, -3.660032
0.690303, -5.130414
0.391772, -6.038565
0.111952, -6.576534
-0.154670, -6.703406
-0.396239, -6.362373
-0.586841, -5.559218
-0.688969, -4.387730
-0.663472, -3.085971
-0.601035, -2.121763
-0.586423, -1.213195
-0.578636, -0.214089
-0.551919, 0.819480
-0.498152, 1.816607
-0.420825, 2.701663
-0.335748, 3.389948
-0.278923, 3.820118
-0.307586, 4.192642
-0.322814, 4.918660
-0.212381, 5.504072
-0.031766, 5.660031
0.173551, 5.369005
0.376530, 4.708075
0.564639, 3.780912
0.741971, 2.692053
0.932760, 1.454176
1.090978, -0.261292
1.119066, -2.085736
1.035175, -3.782152
0.858298, -5.300003
0.591812, -6.558882
0.239300, -7.362617
-0.124125, -7.473807
-0.436885, -7.040361
-0.693867, -6.158078
-0.883041, -4.898865
-0.981670, -3.352358
-0.953796, -1.634406
-0.825093, -0.222766
-0.718305, 0.906166
-0.618168, 2.021446
-0.498497, 3.065885
-0.353970, 3.953042
-0.192836, 4.585050
-0.037029, 4.857791
0.070352, 4.707924
0.054843, 4.351054
0.014801, 4.485051
0.098279, 4.542042
0.234725, 4.210064
0.377219, 3.543413
0.502758, 2.644147
0.602354, 1.606545
0.679498, 0.512519
0.755828, -0.569600
0.867358, -1.781310
0.920109, -3.410628
0.838029, -4.924722
0.659223, -6.139653
0.413246, -6.958371
0.118981, -7.320898
-0.218120, -7.197558
-0.577587, -6.453003
-0.865116, -5.134433
-1.051045, -3.566452
-1.140748, -1.850534
-1.123942, -0.027111
-0.976114, 1.777912
-0.759783, 3.101944
-0.557485, 4.176960
-0.351193, 5.068545
-0.134114, 5.672832
0.082095, 5.888180
0.271236, 5.646776
0.390716, 4.975101
0.387705, 4.123431
0.350572, 3.579684
0.390112, 3.047135
0.457024, 2.297253
0.515481, 1.380542
0.550075, 0.376612
0.557744, -0.641488
0.546794, -1.602873
0.542465, -2.447779
0.589117, -3.294523
0.619100, -4.469319
0.523839, -5.550041
0.339133, -6.262681
0.105456, -6.510206
-0.149186, -6.296840
-0.410513, -5.691096
-0.683375, -4.772021
-0.954747, -3.384080
-1.124760, -1.600572
-1.175681, 0.215201
-1.121372, 2.015349
-0.954974, 3.769361
-0.675542, 5.218904
-0.375328, 6.103349
-0.094460, 6.614928
0.172344, 6.710557
0.412669, 6.336464
0.600177, 5.502909
0.696862, 4.308000
0.665056, 3.002178
0.603256, 2.046877
0.588536, 1.130439
0.578747, 0.126036
0.549246, -0.907605
0.492620, -1.899289
0.412994, -2.772588
0.327051, -3.442026
0.272438, -3.849732
0.305753, -4.223151
0.315421, -4.951971
0.200021, -5.512863
0.017541, -5.637747
-0.187527, -5.318877
-0.388963, -4.636958
-0.575044, -3.696392
-0.750941, -2.601199
-0.941531, -1.351800
-1.094575, 0.382497
-1.116037, 2.202315
-1.026662, 3.889283
-0.844941, 5.392389
-0.573911, 6.629173
-0.218098, 7.397515
0.144835, 7.469247
0.455599, 7.001603
0.709596, 6.089864
0.894551, 4.807479
0.987405, 3.244034
0.951837, 1.520325
0.820893, 0.131560
0.714059, -0.997106
0.611962, -2.110874
0.489710, -3.147986
0.342837, -4.021128
0.180341, -4.631457
0.025114, -4.875279
-0.078054, -4.695397
-0.054988, -4.341001
-0.021231, -4.487146
-0.109051, -4.516462
-0.245950, -4.157608
-0.386935, -3.471562
-0.510023, -2.560469
-0.606985, -1.517507
-0.682144, -0.423864
-0.758534, 0.654624
-0.870418, 1.884765
-0.915497, 3.516465
-0.826798, 5.013090
-0.643352, 6.203017
-0.394256, 6.990656
-0.097931, 7.319526
0.240895, 7.161483
0.598925, 6.373924
0.880721, 5.029264
1.060727, 3.447042
1.144161, 1.721998
1.119878, -0.107406
0.964004, -1.898645
0.746359, -3.196068
0.543334, -4.259469
0.335516, -5.132960
0.117398, -5.711166
-0.098389, -5.893632
-0.284690, -5.616719
-0.397672, -4.916765
-0.386516, -4.066208
-0.353495, -3.537936
-0.396045, -2.988989
-0.462563, -2.223501
-0.519040, -1.297614
-0.551093, -0.290624
-0.556433, 0.724850
-0.544296, 1.677842
-0.541547, 2.511625
-0.591738, 3.371381
-0.614381, 4.553852
-0.511419, 5.612389
-0.322227, 6.291503
-0.086498, 6.502698
0.168577, 6.256499
0.429868, 5.625072
0.703610, 4.683171
0.971188, 3.253851
1.132216, 1.461022
1.175327, -0.354582
1.113415, -2.152723
0.938347, -3.898571
0.653265, -5.308774
0.353667, -6.161509
0.073276, -6.642733
-0.192523, -6.702524
-0.430194, -6.290775
-0.612609, -5.423604
