0.000019 

0.000229 

0.000649 

0.001489 

0.003170 

0.006531 

0.013256 

0.026713 

0.053599 

0.107312 

0.214685 

0.429402 

0.858820 

1.717648 

3.435301 

6.870603 

13.741208 

27.482416 

54.964832 

109.929664 

219.859329 

439.718658 

879.437316 

1758.874631 

3517.749262 

7035.498524 

14070.997049 

28141.994097 

56283.988194 

112567.976389 

225135.952777 

450271.905554 

900543.811109 

1801087.622218 

3602175.244435 

7204350.488870 

14408700.977740 

28817401.955480 

57634803.910960 

115269607.821920 

230539215.643841 

461078431.287681 

922156862.575362 

1844313725.150725 

3688627450.301450 

7377254900.602900 

14754509801.205799 

29509019602.411598 

59018039204.823196 

118036078409.646393 

236072156819.292786 

472144313638.585571 

944288627277.171143 

1888577254554.342285 

3777154509108.684570 

7554309018217.369141 

15108618036434.738281 

30217236072869.476563 

60434472145738.953125 

120868944291477.906250 

241737888582955.812500 

483475777165911.625000 

966951554331823.250000 

1933903108663646.500000 

3867806217327293.000000 

7735612434654586.000000 

15471224869309172.000000 

30942449738618344.000000 

61884899477236688.000000 

123769798954473376.000000 

247539597908946752.000000 

495079195817893504.000000 

990158391635787008.000000 

1980316783271574016.000000 

3960633566543148032.000000 

7921267133086296064.000000 

15842534266172592128.000000 

31685068532345184256.000000 

63370137064690368512.000000 

126740274129380737024.000000 

253480548258761474048.000000 

506961096517522948096.000000 

1013922193035045896192.000000 

2027844386070091792384.000000 

4055688772140183584768.000000 

8111377544280367169536.000000 

16222755088560734339072.000000 

32445510177121468678144.000000 

64891020354242937356288.000000 

129782040708485874712576.000000 

259564081416971749425152.000000 

519128162833943498850304.000000 

1038256325667886997700608.000000 

2076512651335773995401216.000000 

4153025302671547990802432.000000 

8306050605343095981604864.000000 

16612101210686191963209728.000000 

33224202421372383926419456.000000 

66448404842744767852838912.000000 

132896809685489535705677824.000000 

265793619370979071411355648.000000 

531587238741958142822711296.000000 

1063174477483916285645422592.000000 

2126348954967832571290845184.000000 

4252697909935665142581690368.000000 

8505395819871330285163380736.000000 

17010791639742660570326761472.000000 

34021583279485321140653522944.000000 

68043166558970642281307045888.000000 

136086333117941284562614091776.000000 

272172666235882569125228183552.000000 

544345332471765138250456367104.000000 

1088690664943530276500912734208.000000 

2177381329887060553001825468416.000000 

4354762659774121106003650936832.000000 

8709525319548242212007301873664.000000 

17419050639096484424014603747328.000000 

34838101278192968848029207494656.000000 

69676202556385937696058414989312.000000 

139352405112771875392116829978624.000000 

278704810225543750784233659957248.000000 

557409620451087501568467319914496.000000 

1114819240902175003136934639828992.000000 

2229638481804350006273869279657984.000000 

4459276963608700012547738559315968.000000 

8918553927217400025095477118631936.000000 

17837107854434800050190954237263872.000000 

35674215708869600100381908474527744.000000 

71348431417739200200763816949055488.000000 

142696862835478400401527633898110976.000000 

285393725670956800803055267796221952.000000 

570787451341913601606110535592443904.000000 

1141574902683827203212221071184887808.000000 

2283149805367654406424442142369775616.000000 

4566299610735308812848884284739551232.000000 

9132599221470617625697768569479102464.000000 

18265198442941235251395537138958204928.000000 

36530396885882470502791074277916409856.000000 

73060793771764941005582148555832819712.000000 

146121587543529882011164297111665639424.000000 

292243175087059764022328594223331278848.000000 

584486350174119528044657188446662557696.000000 

1168972700348239056089314376893325115392.000000 

233794540069647811217862875378665