0.000000, 0.000019 
0.010000, 0.000229 
0.020000, 0.000649 
0.030000, 0.001488 
0.040000, 0.003166 
0.050000, 0.006522 
0.060000, 0.013234 
0.070000, 0.026660 
0.080000, 0.053509 
0.090000, 0.107212 
0.100000, 0.214624 
0.110000, 0.429434 
0.120000, 0.859000 
0.130000, 1.718076 
0.140000, 3.436191 
0.150000, 6.872402 
0.160000, 13.744813 
0.170000, 27.489631 
0.180000, 54.979265 
0.190000, 109.958531 
0.200000, 219.917063 
0.210000, 439.834127 
0.220000, 879.668253 
0.230000, 1759.336507 
0.240000, 3518.673014 
0.250000, 7037.346027 
0.260000, 14074.692054 
0.270000, 28149.384109 
0.280000, 56298.768218 
0.290000, 112597.536436 
0.300000, 225195.072871 
0.310000, 450390.145743 
0.320000, 900780.291485 
0.330000, 1801560.582971 
0.340000, 3603121.165942 
0.350000, 7206242.331884 
0.360000, 14412484.663767 
0.370000, 28824969.327534 
0.380000, 57649938.655069 
0.390000, 115299877.310138 
0.400000, 230599754.620276 
0.410000, 461199509.240552 
0.420000, 922399018.481104 
0.430000, 1844798036.962207 
0.440000, 3689596073.924415 
0.450000, 7379192147.848829 
0.460000, 14758384295.697659 
0.470000, 29516768591.395317 
0.480000, 59033537182.790634 
0.490000, 118067074365.581268 
0.500000, 236134148731.162537 
0.510000, 472268297462.325073 
0.520000, 944536594924.650146 
0.530000, 1889073189849.300293 
0.540000, 3778146379698.600586 
0.550000, 7556292759397.201172 
0.560000, 15112585518794.402344 
0.570000, 30225171037588.804688 
0.580000, 60450342075177.609375 
0.590000, 120900684150355.218750 
0.600000, 241801368300710.437500 
0.610000, 483602736601420.875000 
0.620000, 967205473202841.750000 
0.630000, 1934410946405683.500000 
0.640000, 3868821892811367.000000 
0.650000, 7737643785622734.000000 
0.660000, 15475287571245468.000000 
0.670000, 30950575142490936.000000 
0.680000, 61901150284981872.000000 
0.690000, 123802300569963744.000000 
0.700000, 247604601139927488.000000 
0.710000, 495209202279854976.000000 
0.720000, 990418404559709952.000000 
0.730000, 1980836809119419904.000000 
0.740000, 3961673618238839808.000000 
0.750000, 7923347236477679616.000000 
0.760000, 15846694472955359232.000000 
0.770000, 31693388945910718464.000000 
0.780000, 63386777891821436928.000000 
0.790000, 126773555783642873856.000000 
0.800000, 253547111567285747712.000000 
0.810000, 507094223134571495424.000000 
0.820000, 1014188446269142990848.000000 
0.830000, 2028376892538285981696.000000 
0.840000, 4056753785076571963392.000000 
0.850000, 8113507570153143926784.000000 
0.860000, 16227015140306287853568.000000 
0.870000, 32454030280612575707136.000000 
0.880000, 64908060561225151414272.000000 
0.890000, 129816121122450302828544.000000 
0.900000, 259632242244900605657088.000000 
0.910000, 519264484489801211314176.000000 
0.920000, 1038528968979602422628352.000000 
0.930000, 2077057937959204845256704.000000 
0.940000, 4154115875918409690513408.000000 
0.950000, 8308231751836819381026816.000000 
0.960000, 16616463503673638762053632.000000 
0.970000, 33232927007347277524107264.000000 
0.980000, 66465854014694555048214528.000000 
0.990000, 132931708029389110096429056.000000 
1.000000, 265863416058778220192858112.000000 
1.010000, 531726832117556440385716224.000000 
1.020000, 1063453664235112880771432448.000000 
1.030000, 2126907328470225761542864896.000000 
1.040000, 4253814656940451523085729792.000000 
1.050000, 8507629313880903046171459584.000000 
1.060000, 17015258627761806092342919168.000000 
1.070000, 34030517255523612184685838336.000000 
1.080000, 68061034511047224369371676672.000000 
1.090000, 136122069022094448738743353344.000000 
1.100000, 272244138044188897477486706688.000000 
1.110000, 544488276088377794954973413376.000000 
1.120000, 1088976552176755589909946826752.000000 
1.130000, 2177953104353511179819893653504.000000 
1.140000, 4355906208707022359639787307008.000000 
1.150000, 8711812417414044719279574614016.000000 
1.160000, 17423624834828089438559149228032.000000 
1.170000, 34847249669656178877118298456064.000000 
1.180000, 69694499339312357754236596912128.000000 
1.190000, 139388998678624715508473193824256.000000 
1.200000, 278777997357249431016946387648512.000000 
1.210000, 557555994714498862033892775297024.000000 
1.220000, 1115111989428997724067785550594048.000000 
1.230000, 2230223978857995448135571101188096.000000 
1.240000, 4460447957715990896271142202376192.000000 
1.250000, 8920895915431981792542284404752384.000000 
1.260000, 17841791830863963585084568809504768.000000 
1.270000, 35683583661727927170169137619009536.000000 
1.280000, 71367167323455854340338275238019072.000000 
1.290000, 142734334646911708680676550476038144.000000 
1.300000, 285468669293823417361353100952076288.000000 
1.310000, 570937338587646834722706201904152576.000000 
1.320000, 1141874677175293669445412403808305152.000000 
1.330000, 2283749354350587338890824807616610304.000000 
1.340000, 4567498708701174677781649615233220608.000000 
1.350000, 9134997417402349355563299230466441216.000000 
1.360000, 18269994834804698711126598460932882432.000000 
1.370000, 36539989669609397422253196921865764864.000000 
1.380000, 73079979339218794844506393843731529728.000000 
1.390000, 146159958678437589689012787687463059456.000000 
1.400000, 292319917356875179378025575374926118912.000000 
1.410000, 584639834713750358756051150749852237824.000000 
1.420000, 1169279669427500717512102301499704475648.000000 
1.430000, 2338559338855001435024204602999408951296.000000 
1.440000, 4677118677710002870048409205998817902592.000000 
1.450000, 9354237355420005740096818411997635805184.000000 
1.460000, 18708474710840011480193636823995271610368.000000 
1.470000, 37416949421680022960387273647990543220736.000000 
1.480000, 74833898843360045920774547295981086441472.000000 
1.490000, 149667797686720091841549094591962172882944.000000 
1.500000, 299335595373440183683098189183924345765888.000000 
1.510000, 598671190746880367366196378367848691531776.000000 
1.520000, 1197342381493760734732392756735697383063552.000000 
1.530000, 2394684762987521469464785513471394766127104.000000 
1.540000, 4789369525975042938929571026942789532254208.000000 
1.550000, 9578739051950085877859142053885579064508416.000000 
1.560000, 19157478103900171755718284107771158129016832.000000 
1.570000, 38314956207800343511436568215542316258033664.000000 
1.580000, 76629912415600687022873136431084632516067328.000000 
1.590000, 153259824831201374045746272862169265032134656.000000 
1.600000, 306519649662402748091492545724338530064269312.000000 
1.610000, 613039299324805496182985091448677060128538624.000000 
1.620000, 1226078598649610992365970182897354120257077248.000000 
1.630000, 2452157197299221984731940365794708240514154496.000000 
1.640000, 4904314394598443969463880731589416481028308992.000000 
1.650000, 9808628789196887938927761463178832962056617984.000000 
1.660000, 19617257578393775877855522926357665924113235968.000000 
1.670000, 39234515156787551755711045852715331848226471936.000000 
1.680000, 78469030313575103511422091705430663696452943872.000000 
1.690000, 156938060627150207022844183410861327392905887744.000000 
1.700000, 313876121254300414045688366821722654785811775488.000000 
1.710000, 627752242508600828091376733643445309571623550976.000000 
1.720000, 1255504485017201656182753467286890619143247101952.000000 
1.730000, 2511008970034403312365506934573781238286494203904.000000 
1.740000, 5022017940068806624731013869147562476572988407808.000000 
1.750000, 10044035880137613249462027738295124953145976815616.000000 
1.760000, 20088071760275226498924055476590249906291953631232.000000 
1.770000, 40176143520550452997848110953180499812583907262464.000000 
1.780000, 80352287041100905995696221906360999625167814524928.000000 
1.790000, 160704574082201811991392443812721999250335629049856.000000 
1.800000, 321409148164403623982784887625443998500671258099712.000000 
1.810000, 642818296328807247965569775250887997001342516199424.000000 
1.820000, 1285636592657614495931139550501775994002685032398848.000000 
1.830000, 2571273185315228991862279101003551988005370064797696.000000 
1.840000, 5142546370630457983724558202007103976010740129595392.000000 
1.850000, 10285092741260915967449116404014207952021480259190784.000000 
1.860000, 20570185482521831934898232808028415904042960518381568.000000 
1.870000, 41140370965043663869796465616056831808085921036763136.000000 
1.880000, 82280741930087327739592931232113663616171842073526272.000000 
1.890000, 164561483860174655479185862464227327232343684147052544.000000 
1.900000, 329122967720349310958371724928454654464687368294105088.000000 
1.910000, 658245935440698621916743449856909308929374736588210176.000000 
1.920000, 1316491870881397243833486899713818617858749473176420352.000000 
1.930000, 2632983741762794487666973799427637235717498946352840704.000000 
1.940000, 5265967483525588975333947598855274471434997892705681408.000000 
1.950000, 10531934967051177950667895197710548942869995785411362816.000000 
1.960000, 21063869934102355901335790395421097885739991570822725632.000000 
1.970000, 42127739868204711802671580790842195771479983141645451264.000000 
1.980000, 84255479736409423605343161581684391542959966283290902528.000000 
1.990000, 168510959472818847210686323163368783085919932566581805056.000000 
2.000000, 337021918945637694421372646326737566171839865133163610112.000000 
2.010000, 674043837891275388842745292653475132343679730266327220224.000000 
2.020000, 1348087675782550777685490585306950264687359460532654440448.000000 
2.030000, 2696175351565101555370981170613900529374718921065308880896.000000 
2.040000, 5392350703130203110741962341227801058749437842130617761792.000000 
2.050000, 10784701406260406221483924682455602117498875684261235523584.000000 
2.060000, 21569402812520812442967849364911204234997751368522471047168.000000 
2.070000, 43138805625041624885935698729822408469995502737044942094336.000000 
2.080000, 86277611250083249771871397459644816939991005474089884188672.000000 
2.090000, 172555222500166499543742794919289633879982010948179768377344.000000 
2.100000, 345110445000332999087485589838579267759964021896359536754688.000000 
2.110000, 690220890000665998174971179677158535519928043792719073509376.000000 
2.120000, 1380441780001331996349942359354317071039856087585438147018752.000000 
2.130000, 2760883560002663992699884718708634142079712175170876294037504.000000 
2.140000, 5521767120005327985399769437417268284159424350341752588075008.000000 
2.150000, 11043534240010655970799538874834536568318848700683505176150016.000000 
2.160000, 22087068480021311941599077749669073136637697401367010352300032.000000 
2.170000, 44174136960042623883198155499338146273275394802734020704600064.000000 
2.180000, 88348273920085247766396310998676292546550789605468041409200128.000000 
2.190000, 176696547840170495532792621997352585093101579210936082818400256.000000 
2.200000, 353393095680340991065585243994705170186203158421872165636800512.000000 
2.210000, 706786191360681982131170487989410340372406316843744331273601024.000000 
2.220000, 1413572382721363964262340975978820680744812633687488662547202048.000000 
2.230000, 2827144765442727928524681951957641361489625267374977325094404096.000000 
2.240000, 5654289530885455857049363903915282722979250534749954650188808192.000000 
2.250000, 11308579061770911714098727807830565445958501069499909300377616384.000000 
2.260000, 22617158123541823428197455615661130891917002138999818600755232768.000000 
2.270000, 45234316247083646856394911231322261783834004277999637201510465536.000000 
2.280000, 90468632494167293712789822462644523567668008555999274403020931072.000000 
2.290000, 180937264988334587425579644925289047135336017111998548806041862144.000000 
2.300000, 361874529976669174851159289850578094270672034223997097612083724288.000000 
2.310000, 723749059953338349702318579701156188541344068447994195224167448576.000000 
2.320000, 1447498119906676699404637159402312377082688136895988390448334897152.000000 
2.330000, 2894996239813353398809274318804624754165376273791976780896669794304.000000 
2.340000, 5789992479626706797618548637609249508330752547583953561793339588608.000000 
2.350000, 11579984959253413595237097275218499016661505095167907123586679177216.000000 
2.360000, 23159969918506827190474194550436998033323010190335814247173358354432.000000 
2.370000, 46319939837013654380948389100873996066646020380671628494346716708864.000000 
2.380000, 92639879674027308761896778201747992133292040761343256988693433417728.000000 
2.390000, 185279759348054617523793556403495984266584081522686513977386866835456.000000 
2.400000, 370559518696109235047587112806991968533168163045373027954773733670912.000000 
2.410000, 741119037392218470095174225613983937066336326090746055909547467341824.000000 
2.420000, 1482238074784436940190348451227967874132672652181492111819094934683648.000000 
2.430000, 2964476149568873880380696902455935748265345304362984223638189869367296.000000 
2.440000, 5928952299137747760761393804911871496530690608725968447276379738734592.000000 
2.450000, 11857904598275495521522787609823742993061381217451936894552759477469184.000000 
2.460000, 23715809196550991043045575219647485986122762434903873789105518954938368.000000 
2.470000, 47431618393101982086091150439294971972245524869807747578211037909876736.000000 
2.480000, 94863236786203964172182300878589943944491049739615495156422075819753472.000000 
2.490000, 189726473572407928344364601757179887888982099479230990312844151639506944.000000 
2.500000, 379452947144815856688729203514359775777964198958461980625688303279013888.000000 
2.510000, 758905894289631713377458407028719551555928397916923961251376606558027776.000000 
2.520000, 1517811788579263426754916814057439103111856795833847922502753213116055552.000000 
2.530000, 3035623577158526853509833628114878206223713591667695845005506426232111104.000000 
2.540000, 6071247154317053707019667256229756412447427183335391690011012852464222208.000000 
2.550000, 12142494308634107414039334512459512824894854366670783380022025704928444416.000000 
2.560000, 24284988617268214828078669024919025649789708733341566760044051409856888832.000000 
2.570000, 48569977234536429656157338049838051299579417466683133520088102819713777664.000000 
2.580000, 97139954469072859312314676099676102599158834933366267040176205639427555328.000000 
2.590000, 194279908938145718624629352199352205198317669866732534080352411278855110656.000000 
2.600000, 388559817876291437249258704398704410396635339733465068160704822557710221312.000000 
2.610000, 777119635752582874498517408797408820793270679466930136321409645115420442624.000000 
2.620000, 1554239271505165748997034817594817641586541358933860272642819290230840885248.000000 
2.630000, 3108478543010331497994069635189635283173082717867720545285638580461681770496.000000 
2.640000, 6216957086020662995988139270379270566346165435735441090571277160923363540992.000000 
2.650000, 12433914172041325991976278540758541132692330871470882181142554321846727081984.000000 
2.660000, 24867828344082651983952557081517082265384661742941764362285108643693454163968.000000 
2.670000, 49735656688165303967905114163034164530769323485883528724570217287386908327936.000000 
2.680000, 99471313376330607935810228326068329061538646971767057449140434574773816655872.000000 
2.690000, 198942626752661215871620456652136658123077293943534114898280869149547633311744.000000 
2.700000, 397885253505322431743240913304273316246154587887068229796561738299095266623488.000000 
2.710000, 795770507010644863486481826608546632492309175774136459593123476598190533246976.000000 
2.720000, 1591541014021289726972963653217093264984618351548272919186246953196381066493952.000000 
2.730000, 3183082028042579453945927306434186529969236703096545838372493906392762132987904.000000 
2.740000, 6366164056085158907891854612868373059938473406193091676744987812785524265975808.000000 
2.750000, 12732328112170317815783709225736746119876946812386183353489975625571048531951616.000000 
2.760000, 25464656224340635631567418451473492239753893624772366706979951251142097063903232.000000 
2.770000, 50929312448681271263134836902946984479507787249544733413959902502284194127806464.000000 
2.780000, 101858624897362542526269673805893968959015574499089466827919805004568388255612928.000000 
2.790000, 203717249794725085052539347611787937918031148998178933655839610009136776511225856.000000 
2.800000, 407434499589450170105078695223575875836062297996357867311679220018273553022451712.000000 
2.810000, 814868999178900340210157390447151751672124595992715734623358440036547106044903424.000000 
2.820000, 1629737998357800680420314780894303503344249191985431469246716880073094212089806848.000000 
2.830000, 3259475996715601360840629561788607006688498383970862938493433760146188424179613696.000000 
2.840000, 6518951993431202721681259123577214013376996767941725876986867520292376848359227392.000000 
2.850000, 13037903986862405443362518247154428026753993535883451753973735040584753696718454784.000000 
2.860000, 26075807973724810886725036494308856053507987071766903507947470081169507393436909568.000000 
2.870000, 52151615947449621773450072988617712107015974143533807015894940162339014786873819136.000000 
2.880000, 104303231894899243546900145977235424214031948287067614031789880324678029573747638272.000000 
2.890000, 208606463789798487093800291954470848428063896574135228063579760649356059147495276544.000000 
2.900000, 417212927579596974187600583908941696856127793148270456127159521298712118294990553088.000000 
2.910000, 834425855159193948375201167817883393712255586296540912254319042597424236589981106176.000000 
2.920000, 1668851710318387896750402335635766787424511172593081824508638085194848473179962212352.000000 
2.930000, 3337703420636775793500804671271533574849022345186163649017276170389696946359924424704.000000 
2.940000, 6675406841273551587001609342543067149698044690372327298034552340779393892719848849408.000000 
2.950000, 13350813682547103174003218685086134299396089380744654596069104681558787785439697698816.000000 
2.960000, 26701627365094206348006437370172268598792178761489309192138209363117575570879395397632.000000 
2.970000, 53403254730188412696012874740344537197584357522978618384276418726235151141758790795264.000000 
2.980000, 106806509460376825392025749480689074395168715045957236768552837452470302283517581590528.000000 
2.990000, 213613018920753650784051498961378148790337430091914473537105674904940604567035163181056.000000 
3.000000, 427226037841507301568102997922756297580674860183828947074211349809881209134070326362112.000000 
3.010000, 854452075683014603136205995845512595161349720367657894148422699619762418268140652724224.000000 
3.020000, 1708904151366029206272411991691025190322699440735315788296845399239524836536281305448448.000000 
3.030000, 3417808302732058412544823983382050380645398881470631576593690798479049673072562610896896.000000 
3.040000, 6835616605464116825089647966764100761290797762941263153187381596958099346145125221793792.000000 
3.050000, 13671233210928233650179295933528201522581595525882526306374763193916198692290250443587584.000000 
3.060000, 27342466421856467300358591867056403045163191051765052612749526387832397384580500887175168.000000 
3.070000, 54684932843712934600717183734112806090326382103530105225499052775664794769161001774350336.000000 
3.080000, 109369865687425869201434367468225612180652764207060210450998105551329589538322003548700672.000000 
3.090000, 218739731374851738402868734936451224361305528414120420901996211102659179076644007097401344.000000 
3.100000, 437479462749703476805737469872902448722611056828240841803992422205318358153288014194802688.000000 
3.110000, 874958925499406953611474939745804897445222113656481683607984844410636716306576028389605376.000000 
3.120000, 1749917850998813907222949879491609794890444227312963367215969688821273432613152056779210752.000000 
3.130000, 3499835701997627814445899758983219589780888454625926734431939377642546865226304113558421504.000000 
3.140000, 6999671403995255628891799517966439179561776909251853468863878755285093730452608227116843008.000000 
3.150000, 13999342807990511257783599035932878359123553818503706937727757510570187460905216454233686016.000000 
3.160000, 27998685615981022515567198071865756718247107637007413875455515021140374921810432908467372032.000000 
3.170000, 55997371231962045031134396143731513436494215274014827750911030042280749843620865816934744064.000000 
3.180000, 111994742463924090062268792287463026872988430548029655501822060084561499687241731633869488128.000000 
3.190000, 223989484927848180124537584574926053745976861096059311003644120169122999374483463267738976256.000000 
3.200000, 447978969855696360249075169149852107491953722192118622007288240338245998748966926535477952512.000000 
3.210000, 895957939711392720498150338299704214983907444384237244014576480676491997497933853070955905024.000000 
3.220000, 1791915879422785440996300676599408429967814888768474488029152961352983994995867706141911810048.000000 
3.230000, 3583831758845570881992601353198816859935629777536948976058305922705967989991735412283823620096.000000 
3.240000, 7167663517691141763985202706397633719871259555073897952116611845411935979983470824567647240192.000000 
3.250000, 14335327035382283527970405412795267439742519110147795904233223690823871959966941649135294480384.000000 
3.260000, 28670654070764567055940810825590534879485038220295591808466447381647743919933883298270588960768.000000 
3.270000, 57341308141529134111881621651181069758970076440591183616932894763295487839867766596541177921536.000000 
3.280000, 114682616283058268223763243302362139517940152881182367233865789526590975679735533193082355843072.000000 
3.290000, 229365232566116536447526486604724279035880305762364734467731579053181951359471066386164711686144.000000 
3.300000, 458730465132233072895052973209448558071760611524729468935463158106363902718942132772329423372288.000000 
3.310000, 917460930264466145790105946418897116143521223049458937870926316212727805437884265544658846744576.000000 
3.320000, 1834921860528932291580211892837794232287042446098917875741852632425455610875768531089317693489152.000000 
3.330000, 3669843721057864583160423785675588464574084892197835751483705264850911221751537062178635386978304.000000 
3.340000, 7339687442115729166320847571351176929148169784395671502967410529701822443503074124357270773956608.000000 
3.350000, 14679374884231458332641695142702353858296339568791343005934821059403644887006148248714541547913216.000000 
3.360000, 29358749768462916665283390285404707716592679137582686011869642118807289774012296497429083095826432.000000 
3.370000, 58717499536925833330566780570809415433185358275165372023739284237614579548024592994858166191652864.000000 
3.380000, 117434999073851666661133561141618830866370716550330744047478568475229159096049185989716332383305728.000000 
3.390000, 234869998147703333322267122283237661732741433100661488094957136950458318192098371979432664766611456.000000 
3.400000, 469739996295406666644534244566475323465482866201322976189914273900916636384196743958865329533222912.000000 
3.410000, 939479992590813333289068489132950646930965732402645952379828547801833272768393487917730659066445824.000000 
3.420000, 1878959985181626666578136978265901293861931464805291904759657095603666545536786975835461318132891648.000000 
3.430000, 3757919970363253333156273956531802587723862929610583809519314191207333091073573951670922636265783296.000000 
3.440000, 7515839940726506666312547913063605175447725859221167619038628382414666182147147903341845272531566592.000000 
3.450000, 15031679881453013332625095826127210350895451718442335238077256764829332364294295806683690545063133184.000000 
3.460000, 30063359762906026665250191652254420701790903436884670476154513529658664728588591613367381090126266368.000000 
3.470000, 60126719525812053330500383304508841403581806873769340952309027059317329457177183226734762180252532736.000000 
3.480000, 120253439051624106661000766609017682807163613747538681904618054118634658914354366453469524360505065472.000000 
3.490000, 240506878103248213322001533218035365614327227495077363809236108237269317828708732906939048721010130944.000000 
3.500000, 481013756206496426644003066436070731228654454990154727618472216474538635657417465813878097442020261888.000000 
3.510000, 962027512412992853288006132872141462457308909980309455236944432949077271314834931627756194884040523776.000000 
3.520000, 1924055024825985706576012265744282924914617819960618910473888865898154542629669863255512389768081047552.000000 
3.530000, 3848110049651971413152024531488565849829235639921237820947777731796309085259339726511024779536162095104.000000 
3.540000, 7696220099303942826304049062977131699658471279842475641895555463592618170518679453022049559072324190208.000000 
3.550000, 15392440198607885652608098125954263399316942559684951283791110927185236341037358906044099118144648380416.000000 
3.560000, 30784880397215771305216196251908526798633885119369902567582221854370472682074717812088198236289296760832.000000 
3.570000, 61569760794431542610432392503817053597267770238739805135164443708740945364149435624176396472578593521664.000000 
3.580000, 123139521588863085220864785007634107194535540477479610270328887417481890728298871248352792945157187043328.000000 
3.590000, 246279043177726170441729570015268214389071080954959220540657774834963781456597742496705585890314374086656.000000 
3.600000, 492558086355452340883459140030536428778142161909918441081315549669927562913195484993411171780628748173312.000000 
3.610000, 985116172710904681766918280061072857556284323819836882162631099339855125826390969986822343561257496346624.000000 
3.620000, 1970232345421809363533836560122145715112568647639673764325262198679710251652781939973644687122514992693248.000000 
3.630000, 3940464690843618727067673120244291430225137295279347528650524397359420503305563879947289374245029985386496.000000 
3.640000, 7880929381687237454135346240488582860450274590558695057301048794718841006611127759894578748490059970772992.000000 
3.650000, 15761858763374474908270692480977165720900549181117390114602097589437682013222255519789157496980119941545984.000000 
3.660000, 31523717526748949816541384961954331441801098362234780229204195178875364026444511039578314993960239883091968.000000 
3.670000, 63047435053497899633082769923908662883602196724469560458408390357750728052889022079156629987920479766183936.000000 
3.680000, 126094870106995799266165539847817325767204393448939120916816780715501456105778044158313259975840959532367872.000000 
3.690000, 252189740213991598532331079695634651534408786897878241833633561431002912211556088316626519951681919064735744.000000 
3.700000, 504379480427983197064662159391269303068817573795756483667267122862005824423112176633253039903363838129471488.000000 
3.710000, 1008758960855966394129324318782538606137635147591512967334534245724011648846224353266506079806727676258942976.000000 
3.720000, 2017517921711932788258648637565077212275270295183025934669068491448023297692448706533012159613455352517885952.000000 
3.730000, 4035035843423865576517297275130154424550540590366051869338136982896046595384897413066024319226910705035771904.000000 
3.740000, 8070071686847731153034594550260308849101081180732103738676273965792093190769794826132048638453821410071543808.000000 
3.750000, 16140143373695462306069189100520617698202162361464207477352547931584186381539589652264097276907642820143087616.000000 
3.760000, 32280286747390924612138378201041235396404324722928414954705095863168372763079179304528194553815285640286175232.000000 
3.770000, 64560573494781849224276756402082470792808649445856829909410191726336745526158358609056389107630571280572350464.000000 
3.780000, 129121146989563698448553512804164941585617298891713659818820383452673491052316717218112778215261142561144700928.000000 
3.790000, 258242293979127396897107025608329883171234597783427319637640766905346982104633434436225556430522285122289401856.000000 
3.800000, 516484587958254793794214051216659766342469195566854639275281533810693964209266868872451112861044570244578803712.000000 
3.810000, 1032969175916509587588428102433319532684938391133709278550563067621387928418533737744902225722089140489157607424.000000 
3.820000, 2065938351833019175176856204866639065369876782267418557101126135242775856837067475489804451444178280978315214848.000000 
3.830000, 4131876703666038350353712409733278130739753564534837114202252270485551713674134950979608902888356561956630429696.000000 
3.840000, 8263753407332076700707424819466556261479507129069674228404504540971103427348269901959217805776713123913260859392.000000 
3.850000, 16527506814664153401414849638933112522959014258139348456809009081942206854696539803918435611553426247826521718784.000000 
3.860000, 33055013629328306802829699277866225045918028516278696913618018163884413709393079607836871223106852495653043437568.000000 
3.870000, 66110027258656613605659398555732450091836057032557393827236036327768827418786159215673742446213704991306086875136.000000 
3.880000, 132220054517313227211318797111464900183672114065114787654472072655537654837572318431347484892427409982612173750272.000000 
3.890000, 264440109034626454422637594222929800367344228130229575308944145311075309675144636862694969784854819965224347500544.000000 
3.900000, 528880218069252908845275188445859600734688456260459150617888290622150619350289273725389939569709639930448695001088.000000 
3.910000, 1057760436138505817690550376891719201469376912520918301235776581244301238700578547450779879139419279860897390002176.000000 
3.920000, 2115520872277011635381100753783438402938753825041836602471553162488602477401157094901559758278838559721794780004352.000000 
3.930000, 4231041744554023270762201507566876805877507650083673204943106324977204954802314189803119516557677119443589560008704.000000 
3.940000, 8462083489108046541524403015133753611755015300167346409886212649954409909604628379606239033115354238887179120017408.000000 
3.950000, 16924166978216093083048806030267507223510030600334692819772425299908819819209256759212478066230708477774358240034816.000000 
3.960000, 33848333956432186166097612060535014447020061200669385639544850599817639638418513518424956132461416955548716480069632.000000 
3.970000, 67696667912864372332195224121070028894040122401338771279089701199635279276837027036849912264922833911097432960139264.000000 
3.980000, 135393335825728744664390448242140057788080244802677542558179402399270558553674054073699824529845667822194865920278528.000000 
3.990000, 270786671651457489328780896484280115576160489605355085116358804798541117107348108147399649059691335644389731840557056.000000 
4.000000, 541573343302914978657561792968560231152320979210710170232717609597082234214696216294799298119382671288779463681114112.000000 
4.010000, 1083146686605829957315123585937120462304641958421420340465435219194164468429392432589598596238765342577558927362228224.000000 
4.020000, 2166293373211659914630247171874240924609283916842840680930870438388328936858784865179197192477530685155117854724456448.000000 
4.030000, 4332586746423319829260494343748481849218567833685681361861740876776657873717569730358394384955061370310235709448912896.000000 
4.040000, 8665173492846639658520988687496963698437135667371362723723481753553315747435139460716788769910122740620471418897825792.000000 
4.050000, 17330346985693279317041977374993927396874271334742725447446963507106631494870278921433577539820245481240942837795651584.000000 
4.060000, 34660693971386558634083954749987854793748542669485450894893927014213262989740557842867155079640490962481885675591303168.000000 
4.070000, 69321387942773117268167909499975709587497085338970901789787854028426525979481115685734310159280981924963771351182606336.000000 
4.080000, 138642775885546234536335818999951419174994170677941803579575708056853051958962231371468620318561963849927542702365212672.000000 
4.090000, 277285551771092469072671637999902838349988341355883607159151416113706103917924462742937240637123927699855085404730425344.000000 
4.100000, 554571103542184938145343275999805676699976682711767214318302832227412207835848925485874481274247855399710170809460850688.000000 
4.110000, 1109142207084369876290686551999611353399953365423534428636605664454824415671697850971748962548495710799420341618921701376.000000 
4.120000, 2218284414168739752581373103999222706799906730847068857273211328909648831343395701943497925096991421598840683237843402752.000000 
4.130000, 4436568828337479505162746207998445413599813461694137714546422657819297662686791403886995850193982843197681366475686805504.000000 
4.140000, 8873137656674959010325492415996890827199626923388275429092845315638595325373582807773991700387965686395362732951373611008.000000 
4.150000, 17746275313349918020650984831993781654399253846776550858185690631277190650747165615547983400775931372790725465902747222016.000000 
4.160000, 35492550626699836041301969663987563308798507693553101716371381262554381301494331231095966801551862745581450931805494444032.000000 
4.170000, 70985101253399672082603939327975126617597015387106203432742762525108762602988662462191933603103725491162901863610988888064.000000 
4.180000, 141970202506799344165207878655950253235194030774212406865485525050217525205977324924383867206207450982325803727221977776128.000000 
4.190000, 283940405013598688330415757311900506470388061548424813730971050100435050411954649848767734412414901964651607454443955552256.000000 
4.200000, 567880810027197376660831514623801012940776123096849627461942100200870100823909299697535468824829803929303214908887911104512.000000 
4.210000, 1135761620054394753321663029247602025881552246193699254923884200401740201647818599395070937649659607858606429817775822209024.000000 
4.220000, 2271523240108789506643326058495204051763104492387398509847768400803480403295637198790141875299319215717212859635551644418048.000000 
4.230000, 4543046480217579013286652116990408103526208984774797019695536801606960806591274397580283750598638431434425719271103288836096.000000 
4.240000, 9086092960435158026573304233980816207052417969549594039391073603213921613182548795160567501197276862868851438542206577672192.000000 
4.250000, 18172185920870316053146608467961632414104835939099188078782147206427843226365097590321135002394553725737702877084413155344384.000000 
4.260000, 36344371841740632106293216935923264828209671878198376157564294412855686452730195180642270004789107451475405754168826310688768.000000 
4.270000, 72688743683481264212586433871846529656419343756396752315128588825711372905460390361284540009578214902950811508337652621377536.000000 
4.280000, 145377487366962528425172867743693059312838687512793504630257177651422745810920780722569080019156429805901623016675305242755072.000000 
4.290000, 290754974733925056850345735487386118625677375025587009260514355302845491621841561445138160038312859611803246033350610485510144.000000 
4.300000, 581509949467850113700691470974772237251354750051174018521028710605690983243683122890276320076625719223606492066701220971020288.000000 
4.310000, 1163019898935700227401382941949544474502709500102348037042057421211381966487366245780552640153251438447212984133402441942040576.000000 
4.320000, 2326039797871400454802765883899088949005419000204696074084114842422763932974732491561105280306502876894425968266804883884081152.000000 
4.330000, 4652079595742800909605531767798177898010838000409392148168229684845527865949464983122210560613005753788851936533609767768162304.000000 
4.340000, 9304159191485601819211063535596355796021676000818784296336459369691055731898929966244421121226011507577703873067219535536324608.000000 
4.350000, 18608318382971203638422127071192711592043352001637568592672918739382111463797859932488842242452023015155407746134439071072649216.000000 
4.360000, 37216636765942407276844254142385423184086704003275137185345837478764222927595719864977684484904046030310815492268878142145298432.000000 
4.370000, 74433273531884814553688508284770846368173408006550274370691674957528445855191439729955368969808092060621630984537756284290596864.000000 
4.380000, 148866547063769629107377016569541692736346816013100548741383349915056891710382879459910737939616184121243261969075512568581193728.000000 
4.390000, 297733094127539258214754033139083385472693632026201097482766699830113783420765758919821475879232368242486523938151025137162387456.000000 
4.400000, 595466188255078516429508066278166770945387264052402194965533399660227566841531517839642951758464736484973047876302050274324774912.000000 
4.410000, 1190932376510157032859016132556333541890774528104804389931066799320455133683063035679285903516929472969946095752604100548649549824.000000 
4.420000, 2381864753020314065718032265112667083781549056209608779862133598640910267366126071358571807033858945939892191505208201097299099648.000000 
4.430000, 4763729506040628131436064530225334167563098112419217559724267197281820534732252142717143614067717891879784383010416402194598199296.000000 
4.440000, 9527459012081256262872129060450668335126196224838435119448534394563641069464504285434287228135435783759568766020832804389196398592.000000 
4.450000, 19054918024162512525744258120901336670252392449676870238897068789127282138929008570868574456270871567519137532041665608778392797184.000000 
4.460000, 38109836048325025051488516241802673340504784899353740477794137578254564277858017141737148912541743135038275064083331217556785594368.000000 
4.470000, 76219672096650050102977032483605346681009569798707480955588275156509128555716034283474297825083486270076550128166662435113571188736.000000 
4.480000, 152439344193300100205954064967210693362019139597414961911176550313018257111432068566948595650166972540153100256333324870227142377472.000000 
4.490000, 304878688386600200411908129934421386724038279194829923822353100626036514222864137133897191300333945080306200512666649740454284754944.000000 
4.500000, 609757376773200400823816259868842773448076558389659847644706201252073028445728274267794382600667890160612401025333299480908569509888.000000 
4.510000, 1219514753546400801647632519737685546896153116779319695289412402504146056891456548535588765201335780321224802050666598961817139019776.000000 
4.520000, 2439029507092801603295265039475371093792306233558639390578824805008292113782913097071177530402671560642449604101333197923634278039552.000000 
4.530000, 4878059014185603206590530078950742187584612467117278781157649610016584227565826194142355060805343121284899208202666395847268556079104.000000 
4.540000, 9756118028371206413181060157901484375169224934234557562315299220033168455131652388284710121610686242569798416405332791694537112158208.000000 
4.550000, 19512236056742412826362120315802968750338449868469115124630598440066336910263304776569420243221372485139596832810665583389074224316416.000000 
4.560000, 39024472113484825652724240631605937500676899736938230249261196880132673820526609553138840486442744970279193665621331166778148448632832.000000 
4.570000, 78048944226969651305448481263211875001353799473876460498522393760265347641053219106277680972885489940558387331242662333556296897265664.000000 
4.580000, 156097888453939302610896962526423750002707598947752920997044787520530695282106438212555361945770979881116774662485324667112593794531328.000000 
4.590000, 312195776907878605221793925052847500005415197895505841994089575041061390564212876425110723891541959762233549324970649334225187589062656.000000 
4.600000, 624391553815757210443587850105695000010830395791011683988179150082122781128425752850221447783083919524467098649941298668450375178125312.000000 
4.610000, 1248783107631514420887175700211390000021660791582023367976358300164245562256851505700442895566167839048934197299882597336900750356250624.000000 
4.620000, 2497566215263028841774351400422780000043321583164046735952716600328491124513703011400885791132335678097868394599765194673801500712501248.000000 
4.630000, 4995132430526057683548702800845560000086643166328093471905433200656982249027406022801771582264671356195736789199530389347603001425002496.000000 
4.640000, 9990264861052115367097405601691120000173286332656186943810866401313964498054812045603543164529342712391473578399060778695206002850004992.000000 
4.650000, 19980529722104230734194811203382240000346572665312373887621732802627928996109624091207086329058685424782947156798121557390412005700009984.000000 
4.660000, 39961059444208461468389622406764480000693145330624747775243465605255857992219248182414172658117370849565894313596243114780824011400019968.000000 
4.670000, 79922118888416922936779244813528960001386290661249495550486931210511715984438496364828345316234741699131788627192486229561648022800039936.000000 
4.680000, 159844237776833845873558489627057920002772581322498991100973862421023431968876992729656690632469483398263577254384972459123296045600079872.000000 
4.690000, 319688475553667691747116979254115840005545162644997982201947724842046863937753985459313381264938966796527154508769944918246592091200159744.000000 
4.700000, 639376951107335383494233958508231680011090325289995964403895449684093727875507970918626762529877933593054309017539889836493184182400319488.000000 
4.710000, 1278753902214670766988467917016463360022180650579991928807790899368187455751015941837253525059755867186108618035079779672986368364800638976.000000 
4.720000, 2557507804429341533976935834032926720044361301159983857615581798736374911502031883674507050119511734372217236070159559345972736729601277952.000000 
4.730000, 5115015608858683067953871668065853440088722602319967715231163597472749823004063767349014100239023468744434472140319118691945473459202555904.000000 
4.740000, 10230031217717366135907743336131706880177445204639935430462327194945499646008127534698028200478046937488868944280638237383890946918405111808.000000 
4.750000, 20460062435434732271815486672263413760354890409279870860924654389890999292016255069396056400956093874977737888561276474767781893836810223616.000000 
4.760000, 40920124870869464543630973344526827520709780818559741721849308779781998584032510138792112801912187749955475777122552949535563787673620447232.000000 
4.770000, 81840249741738929087261946689053655041419561637119483443698617559563997168065020277584225603824375499910951554245105899071127575347240894464.000000 
4.780000, 163680499483477858174523893378107310082839123274238966887397235119127994336130040555168451207648750999821903108490211798142255150694481788928.000000 
4.790000, 327360998966955716349047786756214620165678246548477933774794470238255988672260081110336902415297501999643806216980423596284510301388963577856.000000 
4.800000, 654721997933911432698095573512429240331356493096955867549588940476511977344520162220673804830595003999287612433960847192569020602777927155712.000000 
4.810000, 1309443995867822865396191147024858480662712986193911735099177880953023954689040324441347609661190007998575224867921694385138041205555854311424.000000 
4.820000, 2618887991735645730792382294049716961325425972387823470198355761906047909378080648882695219322380015997150449735843388770276082411111708622848.000000 
4.830000, 5237775983471291461584764588099433922650851944775646940396711523812095818756161297765390438644760031994300899471686777540552164822223417245696.000000 
4.840000, 10475551966942582923169529176198867845301703889551293880793423047624191637512322595530780877289520063988601798943373555081104329644446834491392.000000 
4.850000, 20951103933885165846339058352397735690603407779102587761586846095248383275024645191061561754579040127977203597886747110162208659288893668982784.000000 
4.860000, 41902207867770331692678116704795471381206815558205175523173692190496766550049290382123123509158080255954407195773494220324417318577787337965568.000000 
4.870000, 83804415735540663385356233409590942762413631116410351046347384380993533100098580764246247018316160511908814391546988440648834637155574675931136.000000 
4.880000, 167608831471081326770712466819181885524827262232820702092694768761987066200197161528492494036632321023817628783093976881297669274311149351862272.000000 
4.890000, 335217662942162653541424933638363771049654524465641404185389537523974132400394323056984988073264642047635257566187953762595338548622298703724544.000000 
4.900000, 670435325884325307082849867276727542099309048931282808370779075047948264800788646113969976146529284095270515132375907525190677097244597407449088.000000 
4.910000, 1340870651768650614165699734553455084198618097862565616741558150095896529601577292227939952293058568190541030264751815050381354194489194814898176.000000 
4.920000, 2681741303537301228331399469106910168397236195725131233483116300191793059203154584455879904586117136381082060529503630100762708388978389629796352.000000 
4.930000, 5363482607074602456662798938213820336794472391450262466966232600383586118406309168911759809172234272762164121059007260201525416777956779259592704.000000 
4.940000, 10726965214149204913325597876427640673588944782900524933932465200767172236812618337823519618344468545524328242118014520403050833555913558519185408.000000 
4.950000, 21453930428298409826651195752855281347177889565801049867864930401534344473625236675647039236688937091048656484236029040806101667111827117038370816.000000 
4.960000, 42907860856596819653302391505710562694355779131602099735729860803068688947250473351294078473377874182097312968472058081612203334223654234076741632.000000 
4.970000, 85815721713193639306604783011421125388711558263204199471459721606137377894500946702588156946755748364194625936944116163224406668447308468153483264.000000 
4.980000, 171631443426387278613209566022842250777423116526408398942919443212274755789001893405176313893511496728389251873888232326448813336894616936306966528.000000 
4.990000, 343262886852774557226419132045684501554846233052816797885838886424549511578003786810352627787022993456778503747776464652897626673789233872613933056.000000 
5.000000, 686525773705549114452838264091369003109692466105633595771677772849099023156007573620705255574045986913557007495552929305795253347578467745227866112.000000 
5.010000, 1373051547411098228905676528182738006219384932211267191543355545698198046312015147241410511148091973827114014991105858611590506695156935490455732224.000000 
5.020000, 2746103094822196457811353056365476012438769864422534383086711091396396092624030294482821022296183947654228029982211717223181013390313870980911464448.000000 
5.030000, 5492206189644392915622706112730952024877539728845068766173422182792792185248060588965642044592367895308456059964423434446362026780627741961822928896.000000 
5.040000, 10984412379288785831245412225461904049755079457690137532346844365585584370496121177931284089184735790616912119928846868892724053561255483923645857792.000000 
5.050000, 21968824758577571662490824450923808099510158915380275064693688731171168740992242355862568178369471581233824239857693737785448107122510967847291715584.000000 
5.060000, 43937649517155143324981648901847616199020317830760550129387377462342337481984484711725136356738943162467648479715387475570896214245021935694583431168.000000 
5.070000, 87875299034310286649963297803695232398040635661521100258774754924684674963968969423450272713477886324935296959430774951141792428490043871389166862336.000000 
5.080000, 175750598068620573299926595607390464796081271323042200517549509849369349927937938846900545426955772649870593918861549902283584856980087742778333724672.000000 
5.090000, 351501196137241146599853191214780929592162542646084401035099019698738699855875877693801090853911545299741187837723099804567169713960175485556667449344.000000 
5.100000, 703002392274482293199706382429561859184325085292168802070198039397477399711751755387602181707823090599482375675446199609134339427920350971113334898688.000000 
5.110000, 1406004784548964586399412764859123718368650170584337604140396078794954799423503510775204363415646181198964751350892399218268678855840701942226669797376.000000 
5.120000, 2812009569097929172798825529718247436737300341168675208280792157589909598847007021550408726831292362397929502701784798436537357711681403884453339594752.000000 
5.130000, 5624019138195858345597651059436494873474600682337350416561584315179819197694014043100817453662584724795859005403569596873074715423362807768906679189504.000000 
5.140000, inf 
5.150000, inf 
5.160000, inf 
5.170000, inf 
5.180000, inf 
5.190000, inf 
5.200000, inf 
5.210000, inf 
5.220000, inf 
5.230000, inf 
5.240000, inf 
5.250000, inf 
5.260000, inf 
5.270000, inf 
5.280000, inf 
5.290000, inf 
5.300000, inf 
5.310000, inf 
5.320000, inf 
5.330000, inf 
5.340000, inf 
5.350000, inf 
5.360000, inf 
5.370000, inf 
5.380000, inf 
5.390000, inf 
5.400000, inf 
5.410000, inf 
5.420000, inf 
5.430000, inf 
5.440000, inf 
5.450000, inf 
5.460000, inf 
5.470000, inf 
5.480000, inf 
5.490000, inf 
5.500000, inf 
5.510000, inf 
5.520000, inf 
5.530000, inf 
5.540000, inf 
5.550000, inf 
5.560000, inf 
5.570000, inf 
5.580000, inf 
5.590000, inf 
5.600000, inf 
5.610000, inf 
5.620000, inf 
5.630000, inf 
5.640000, inf 
5.650000, inf 
5.660000, inf 
5.670000, inf 
5.680000, inf 
5.690000, inf 
5.700000, inf 
5.710000, inf 
5.720000, inf 
5.730000, inf 
5.740000, inf 
5.750000, inf 
5.760000, inf 
5.770000, inf 
5.780000, inf 
5.790000, inf 
5.800000, inf 
5.810000, inf 
5.820000, inf 
5.830000, inf 
5.840000, inf 
5.850000, inf 
5.860000, inf 
5.870000, inf 
5.880000, inf 
5.890000, inf 
5.900000, inf 
5.910000, inf 
5.920000, inf 
5.930000, inf 
5.940000, inf 
5.950000, inf 
5.960000, inf 
5.970000, inf 
5.980000, inf 
5.990000, inf 
6.000000, inf 
6.010000, inf 
6.020000, inf 
6.030000, inf 
6.040000, inf 
6.050000, inf 
6.060000, inf 
6.070000, inf 
6.080000, inf 
6.090000, inf 
6.100000, inf 
6.110000, inf 
6.120000, inf 
6.130000, inf 
6.140000, inf 
6.150000, inf 
6.160000, inf 
6.170000, inf 
6.180000, inf 
6.190000, inf 
6.200000, inf 
6.210000, inf 
6.220000, inf 
6.230000, inf 
6.240000, inf 
6.250000, inf 
6.260000, inf 
6.270000, inf 
