-7.015557247603539, 30.461327823773026
39.138761446838075, 17.552386638126116
34.19255853442486, 29.10322865107

-7.400828193612649, 30.642736810935617
42.35559736960811, 16.072868133065167
33.04620836532591, 26.40089555631173

-8.782658722453418, 28.902679359830124
38.874667702271644, 13.104086531627505
34.29755806065796, 27.008652178324077

-8.25633422195446, 29.241145272871183
42.42603843663627, 14.989019498851778
37.8703327234055, 29.511662918727506

-8.35617564065247, 31.004525909326677
45.056191835093394, 12.03100461227427
38.99293090908163, 28.902433616920174

-11.619410564637835, 28.1509698051128
43.186731583900645, 10.288679408157112
36.7201305041584, 25.38486524522311

-15.367114715669025, 31.308207687064396
42.53589286244096, 12.617357093098818
32.961207912777326, 21.874891004970088

-15.811800199795574, 30.811328144145705
43.055068314323904, 12.271147747952764
32.314615071844266, 21.495635191095143

-16.909264568695786, 32.505220467358754
45.00417909155337, 14.904814538043649
29.29650101345056, 25.356474744108198

-19.88864508165148, 35.236044703713624
43.52246967446385, 16.73930323626741
27.344551525453614, 26.621734873646826

-22.317957094939224, 34.001201620945366
41.53667806052476, 19.981408749574257
25.435700701421606, 29.332406945004085

-25.110589758132917, 32.32573100931977
42.173617573059424, 18.78461333570726
22.774708088186685, 29.70218178758778

-28.126197217397827, 36.26821381836957
41.75014508700163, 21.84301930283759
19.868147171166683, 31.478666250954383

-25.613922560427476, 37.18218543212689
43.49736470692243, 22.79500669951537
20.227814317094097, 27.691089555566883

-27.351828077640565, 40.53810766742434
43.16863391000158, 21.592141082089597
17.354598108026885, 25.230970445678867

-26.782841914143056, 43.66757307520808
44.62435427134806, 20.89184001574072
14.9737793903352, 29.00081941074439

-28.985460111757313, 47.5741899982939
42.21934775152604, 23.59187149574688
14.597385362515679, 30.99923149328819

-25.83676973835167, 50.96931167434001
40.257011737530945, 24.476066965928897
13.7709809825387, 27.989875385840037

-24.020377750166567, 47.74728442207274
40.99620379904889, 22.406135052415156
12.545771122662565, 31.84301372312474

-20.33276124404267, 47.06152791970834
43.02404923055749, 22.349760617638502
15.908632385578981, 35.60983944131287

-23.447250379633175, 45.149036421198694
43.46127967887013, 25.10611261267173
18.88962421572592, 31.985476774537347

-20.622031753704526, 48.044062223552274
43.92237087818105, 29.006355734466595
15.343182755841049, 35.36576680460412

-20.37011260067527, 48.65418550944919
40.327912011541855, 28.1934777964186
14.011685512772194, 32.919140527857095

-18.136246426401698, 48.529840309548405
38.68722770777903, 28.981640138186744
17.524053896476815, 30.420834947218975

-16.35278063030248, 45.416733449330394
42.430763340612, 31.14715849006269
15.16136391474085, 29.066399176278306

-16.14965569430683, 48.568402149024124
43.666309508328936, 28.722470047858074
18.948125571139645, 31.913286709643494

-17.80020584740856, 47.44865151610718
45.53296462638119, 26.89805335682853
19.037819283357667, 31.440823413429197

-15.696592305582534, 46.24035177150278
41.803842626422224, 25.808265253063446
22.892751524866334, 33.95481817352466

-17.871871839915578, 50.08424354860913
44.87550537093769, 29.806519038536262
20.993860708870624, 29.990148996536952

-19.945116599164802, 46.27557059480327
43.365461340593086, 32.78233361768192
20.55569104960504, 31.36017054770032

-17.085686571012964, 47.4655455690791
40.28385680228607, 30.796081069437317
21.350203404771538, 34.22894865510002

-18.388528744240258, 45.570178976138685
41.16242449863941, 28.909860190603283
20.055959362056683, 35.88462424325475

-15.217545748899802, 46.095847836101655
41.45430498069894, 29.594132117002918
19.679243981663546, 38.46989026980827

-12.751378032803359, 44.88786464372073
42.405938436516905, 32.34675782375242
21.31687257301523, 40.486271863588236

-16.140807140812004, 41.54766650674539
40.87182591636051, 35.784766743345074
24.21331894969274, 37.09737168435792

-19.68463531249684, 44.01593407949167
42.901295353960435, 32.887620527775844
26.758691383348992, 39.76934097296644

-20.365155769089313, 42.689773712888034
43.277808904294105, 35.67411053854788
30.536280878091343, 43.573899672663686

-23.10394727942996, 46.4509204297222
41.821652639650786, 34.59375749561286
28.475116663494287, 43.91440252702341

-19.69661814944867, 47.9194150526761
45.508968750323994, 38.25600878510592
32.38015087211583, 44.10864948632431

-20.304200592507506, 44.41732766857396
45.93369843790895, 39.567448281545154
33.55864218642152, 45.405462438614215

-21.283818793453356, 48.13393612848927
49.78326255276407, 43.101526397912686
30.94421310315016, 49.36230418246984

-17.713282451427666, 47.490153061873585
52.55742643432982, 39.120916426089025
28.16348115076782, 46.26508909976599

-18.513128397616555, 46.99213163105128
52.30229901856413, 42.49064555152832
24.69786900543534, 44.11869239652309

-22.444559863701684, 48.71288532987326
51.02988020446329, 40.523034816868446
24.818026731486043, 40.250934710644735

-19.847499321626785, 46.80961163559727
51.348364024659, 43.272172688235955
28.362773254568673, 38.377356026484094

-23.10195585991162, 46.9802116819187
51.67194323150427, 47.08915944737244
29.13446844830814, 36.525187363906184

-24.307945420643577, 46.36673007383474
48.26863202194339, 44.235500885530044
32.975010250603674, 33.813150961219826

-25.143353815561973, 43.67293811824561
52.07319952586599, 43.14540927320334
29.794906286738453, 36.64441051059236

-25.685285067106737, 44.372173218226116
48.20215858049533, 42.10685433484193
32.44294087186467, 36.40248523997208

-23.983020278543496, 43.1487878304918
51.39965012895391, 43.115524556514956
34.4744243234013, 35.111532055061524

-27.514622875276565, 41.3753262682176
48.99434968186021, 40.28191995855663
30.544036073642243, 38.533307599193364

-25.66064230524354, 45.30611768001273
48.3133034798562, 40.7650673357264
28.193771877467842, 38.79733145594598

-26.926306404559796, 41.58771463066548
51.1469223068186, 40.62707760948348
31.841823723717834, 39.46142346468241

-29.267929831787438, 43.83577370746741
49.53773546922841, 38.25231963302663
28.828724657613567, 36.892495477919184

-29.65350747522048, 42.314345367968606
52.98328037463152, 38.721220681259446
28.48243220497626, 34.15603284110218

-27.72885098589113, 40.58656858431389
55.2395670978365, 40.75231730812131
29.810701218453282, 31.78685008823312

-23.79824245735429, 41.57500583915785
51.337569092273085, 38.76678799778918
30.128456224089277, 29.200666992021244

-23.809858812375104, 43.53221869770032
53.89134121560803, 40.245930043505815
33.21232452132257, 32.79759483817187

-24.0206738835828, 47.216475418347734
54.34655039622276, 41.31281022945879
33.5937560603664, 34.69784650440194

-24.63893633751128, 47.82111436034443
58.0503461556219, 42.942235540211605
29.917039626323152, 36.10474542734339

-27.47541657413665, 46.28977548846533
56.45370115977111, 42.61471004488767
29.560378764364767, 33.34772863876826

-30.338239745471213, 42.949025415400214
55.13676706988641, 41.51702994814851
32.173082629378904, 29.51561561450762

-26.6310229093209, 41.2971164770222
51.74870637231509, 42.012451586568375
34.09721144686195, 32.28542935994771

-23.582667059659805, 43.25304764153127
48.423413521447685, 38.85629617543234
31.816761382959488, 36.04978865231377

-26.192848684540945, 44.5704824300644
45.99511212370055, 40.53192721556851
31.69845440989089, 36.00314419238561

-24.788555015129262, 43.075302388212435
45.17145673316286, 40.9560837330175
33.16379202840405, 39.065612627888754

-25.384342865164445, 44.60532617331915
45.77472431558398, 43.43328234044473
29.65047387366779, 42.562365860053184

-27.48664019301258, 44.56646046226962
48.72878694075297, 43.19297301178683
32.30021100094473, 44.35315267533828

-30.89753099031701, 48.32964041377984
45.161083998017276, 42.55619799206457
29.59665329631274, 46.369599060723964

-30.687436865510534, 46.51916834534468
48.03544106186085, 42.79765058690958
28.40382438530999, 47.0171753835884

-33.30446120115163, 47.11607016946402
47.54211077011651, 44.74732501184749
25.450900116619685, 50.220930643383

-30.479048087207964, 44.851817925582324
49.22925107377044, 44.41962946556611
24.23214710879174, 53.21325775762288

-33.043791455651515, 48.18072024193162
52.76765705031682, 45.51140312897211
20.355027946529635, 56.71622354977301

-30.593956074412805, 49.45090434460993
51.954134123372064, 46.769825422751275
17.698098250226693, 54.733339716717296

-31.365305348304286, 51.800360251669474
51.230505030929834, 45.548270505787926
16.57569700065678, 51.25940563495043

-34.2313551800568, 54.14681209996113
49.95966103560247, 47.93490144291726
15.519105814216083, 53.17511126867022

-37.408378864225284, 54.031754929810134
49.29116735582172, 49.56190689523509
16.212299587929444, 55.35313235971675

-38.2728623944262, 53.19441873817348
45.62211540202557, 46.35134764332611
17.847499815314716, 58.436376843897655

-41.05319661291603, 55.16749782336542
44.35521222680043, 42.706008417601936
16.49073475624164, 60.715009231720764

-38.38890770417467, 54.76263684846989
43.20957747544713, 39.88444615850179
18.92043072105692, 58.050366019886674

-42.29244303428395, 54.96646839017371
41.0199509356609, 39.07942025837154
17.0316026747786, 61.04591821329823

-46.0483537604041, 53.46154336705985
37.16513132993326, 36.69333652581637
18.178656060893257, 57.1052423093693

-43.46154317970012, 55.0527799211074
37.883607506556, 34.84938217979951
16.6234476043605, 56.42486322437581

-44.40494443310734, 58.97174716576857
37.67218672168982, 33.190693491381275
15.434674645816154, 57.87534301161477

-42.45759072869618, 57.01135382271239
39.613806723474944, 36.99330787854324
17.28099322472115, 56.78685849464027

-41.700969526143524, 57.28225527977812
43.47309063016558, 38.206210237512316
13.509980172086978, 54.21113842386218

-44.602184392848145, 57.36079117439016
40.88153853118162, 39.67276444591864
11.290666564992911, 57.962904034662905

-43.978656771086236, 58.26535864288871
44.49630468092641, 43.09189856645445
12.834709463391821, 55.024461300477974

-47.73288318367471, 60.42022632654597
43.63667823469599, 44.32697180283036
16.73146596451336, 58.91637989972351

-51.61163613526417, 60.13533654137273
47.21303239648582, 42.40065074030046
14.727077501801809, 61.63413675147674

-49.86573406384609, 60.397102219660496
47.913440387804805, 44.43712804393093
11.879136660505633, 59.917344786584195

-46.586306854545896, 57.94477283374742
44.99963783330172, 47.52355892610342
8.359637636186353, 62.40159579017196

-43.97464107605262, 59.41324964980751
43.42746123319513, 48.27659937703095
7.816094549170692, 58.887523352211666

-41.05089558791918, 62.214414750106535
45.04617998902225, 52.06239962204454
6.844491579013763, 58.95223889129109

-43.20193493667168, 58.270633170535426
41.23097785824764, 51.692773822165755
6.965217855435925, 56.78647544956937

-39.41905554219176, 56.384856988540534
38.50483288317361, 48.7419961102294
9.897137903386145, 57.77164849901915

-42.38098082304824, 54.88747485644018
40.76177121651682, 48.91321387900374
8.546074874681306, 55.88523412711888

-42.76243931018984, 53.679139536219985
38.93052428220346, 51.655675168471745
6.351774265608092, 57.67361917346995

-40.87657555384232, 51.741284754485804
38.73150391476452, 53.972181851916005
7.100038093086197, 56.423641678422364

-39.73911150418613, 53.66086225039953
35.603211723735846, 56.2109095219396
8.93891916564362, 54.55791557436498

-40.32038592023109, 53.55595122249361
38.18007675378847, 54.3823241273165
12.047245917634463, 53.386889419805335

-37.073535242478684, 53.71348836616391
40.257495976052965, 55.44202766574941
13.356183372449424, 54.413218888087634

-39.86526758179746, 56.44163554931789
37.317736328777855, 58.00081717423286
12.548835419913674, 51.11103731170443

-37.02991701577291, 56.85316426089166
37.660996196801634, 55.00799937623957
9.790197569447066, 54.89183685479266

-35.39730187565074, 57.37032467273485
34.03639677724957, 58.93526215191638
12.585461687032417, 54.142480643529176

-34.157373019565576, 55.39312278031993
30.477713734711408, 60.257971589457725
12.992503159233689, 56.0494945065312

-34.52746009930951, 53.74929056235196
29.00502158514039, 61.84791849923145
10.360923924642229, 57.64543609141398

-32.43083824669502, 53.583958713070174
30.065686120900143, 64.36214502677093
11.458196004945354, 59.31770658303741

-33.25554610531191, 52.803591841165314
30.50105461039123, 67.22261507846657
8.921546779328612, 58.34395181713631

-35.94644240542875, 53.77085950002562
31.443965347995913, 69.8660398090882
10.738829355601094, 59.86544054729138

-37.03779147166374, 53.34219226476499
27.569894073264493, 67.59616191806036
9.6054828477474, 58.10036201890521

-35.37764095746984, 55.637918782476675
26.4809549048774, 67.52358801484839
11.704784285958388, 54.53080975480938

-37.963454558557316, 52.5649085236008
24.607571604389708, 68.81942556186277
14.571903256826308, 51.954234454913305

-36.82695673418179, 50.42958894976056
22.61670786596478, 65.27914441398042
14.689489872883545, 54.03211315973415

-39.00793400208469, 47.30813771701062
24.600475161906058, 63.2418856768533
11.862666565391423, 54.792172898454616

-41.67220566631625, 46.05266600762717
20.89560395550948, 59.62836141175726
8.164848939374536, 53.63091964077904

-37.809196492534, 44.74745353292168
17.20670002665273, 62.148288793522816
10.799072419610285, 54.6057666526895

-37.88290082684455, 42.762728491824205
13.256474098228914, 60.730587298743416
7.531022431909262, 53.59209430162913

-33.94995262246746, 41.9888552641755
10.477497067897092, 57.39743915090221
10.605015880985018, 50.16339825438248

-30.26002561203813, 39.007344531544796
9.811518430958017, 54.339341096677764
9.457900161362973, 53.12863658870043

-26.711438009543205, 39.65883530620136
7.71506576681526, 50.90073600212352
7.76391213259044, 51.646267475360396

-30.206283739044977, 39.015221692080516
9.672127358332526, 47.58304484480694
4.476492167031558, 54.29667180488927

-27.589573945395376, 38.99941132680553
7.7705129553140475, 46.62669137475589
1.1422206751949444, 50.602814454318604

-28.873969943038762, 41.20446945444332
10.860884814418146, 47.92034869564431
-1.9950688410796067, 47.864463905458315

-32.668984567842315, 39.86430782050832
9.269815083957845, 49.134664403078695
-4.814858012758818, 48.430381149986346

-36.33724634738617, 39.76946283877163
12.408295750452448, 52.757155345399255
-2.6543187822690557, 51.23960895616241

-35.42150427867227, 43.455475753285384
10.80171307909701, 53.08510569978729
-1.0493697095800174, 52.42806879526061

-34.74586975283535, 40.87535482750792
14.461064941794689, 54.124437677393345
1.3426985927089259, 49.99204046380532

-30.79492164391644, 43.47706594899494
13.540392728154078, 53.8936484742847
4.8201619260355795, 52.25594189138905

-34.41836078689066, 42.6013746535547
15.298016246256058, 51.89846174303242
3.579177844825548, 53.5653841007912

-33.868014475056185, 40.53378209790917
16.062980604606956, 49.30295061818245
5.570094479535646, 56.01947989798279

-34.867252488802414, 36.79992179188074
15.923252179689591, 52.53220864015411
3.8408015815957706, 58.69956856306233

-35.00340951256248, 39.94391659681999
18.201478554707524, 55.572603838663824
7.042971662803548, 62.02234980613292

-36.78871828189486, 41.3507732992306
21.58968350285661, 55.99033219910315
8.902086903235789, 62.011507729283686

-38.97335740967294, 41.868438128006005
21.441062616112486, 55.224729362729065
4.969987740729143, 58.66864449116265

-40.3465615783205, 41.86961560374399
23.968377357345815, 54.85224143729353
8.460490376669021, 58.53372142991933

-44.0868363369797, 41.57506969118296
26.149461614988617, 51.50302624160177
4.557478799539393, 61.85366069936083

-41.27276957965259, 43.09464263450074
25.602706952501297, 55.23422877921877
1.7631467767230289, 62.74614662491838

-40.37032100070085, 40.696751218453805
24.467869232281547, 54.81112478710016
2.54581735502547, 62.958468704665904

-41.93241332615445, 44.48691213830095
24.823506572553576, 57.738563392700954
4.180221418996142, 60.76095785312806

-40.24029694424893, 44.56585857600482
23.17595370152203, 53.99494093278972
5.320956009758039, 59.47445745189873

-39.20340504303781, 48.05994520023245
26.49171731203924, 55.51570489541211
2.42813553445332, 57.43377397690553

-41.23238713400882, 48.4218495426629
23.10389845809514, 54.74170178010449
5.021719985811957, 56.5256235575363

-43.16157291480482, 44.64362617483237
23.847932753228847, 53.88365498273144
1.6114360276253734, 60.16145589066677

-44.35459359777633, 42.51544473804204
21.730034818474245, 53.41493584676832
1.655388236765308, 62.162575255234756

-42.698947556302215, 46.062243864597775
22.166227524731376, 54.43530022143029
5.147868129626956, 64.43454416015753

-41.077549688765664, 46.2977545520383
23.524457699938274, 57.47070637118482
3.8425609591988055, 67.61270553147419

-43.94882952730535, 42.76841169216951
22.33488744298221, 60.59555792460406
2.1049076920783722, 69.2745473562215

-46.99588673400222, 46.50484671760046
18.385127055559995, 64.44193024540758
5.549208205423805, 68.8053477488396

-46.816546832582794, 43.83615333391039
17.278889848560603, 61.0222077571571
1.745508058161148, 68.24363669230888

-45.00101179552999, 43.52179323003989
14.030004192490228, 60.0014999458892
5.712867047056488, 66.32756986488857

-41.38804468976372, 46.6481720502664
14.644260935923208, 60.89682830269692
3.858823921087515, 68.65686800988458

-39.623051859549626, 50.25684129068643
15.897728339229793, 61.592097684609385
2.577916259784864, 65.61524039111711

-39.12989808739192, 47.124487852726446
17.428749653206573, 60.47825425620673
6.268938366734229, 67.88382701786462

-41.73499723594185, 49.19680196009292
17.248351097604417, 62.84615953165476
4.628995733917962, 69.43966154550563

-38.35353590842046, 47.08737399167849
15.687746122603098, 65.76992465681667
4.385307424026975, 71.07355685044797

-35.272093129019154, 46.67879602960275
13.907256154928213, 63.04629223250745
6.635423135242017, 67.44734493546987

-34.09861967703568, 48.053738643297606
15.4851700259957, 65.04557531882094
4.173805167642031, 66.49811571084278

-35.705354747370286, 50.98001664395954
19.249082501629783, 66.09353686264272
2.5845971072564087, 67.62123921711047

-33.73992595946428, 49.45420518767019
17.428371230803428, 65.25869926527032
0.4299408419688202, 71.36112470617716

-34.30044011839834, 47.452361146776745
18.740393000174926, 65.53509229751664
1.6096961531674143, 68.13954836788356

-33.75576585070974, 49.020253603456766
16.990467692507615, 68.56134020609261
3.3150567339145454, 71.07339299912768

-37.067516753944396, 46.503518212246966
15.214007277881704, 65.2616175476194
2.4731255773209915, 68.89471505416482

-40.184184114505385, 44.254532334998295
12.77681496702677, 61.93105649110412
4.583045727550485, 72.34288396641749

-42.04339250231054, 46.63092635736077
11.425720960151303, 64.66779845020463
1.7733521977813673, 75.2478472365119

-41.501091148270156, 44.279779593026575
9.86007458752049, 64.48631358624947
1.9132436989411463, 73.56750866407829

-45.47307474935977, 42.21596792300182
12.509143881074248, 62.139913973102765
-0.24810420250712806, 75.50084318424337

-43.137762124907134, 39.20251828348408
16.449240315368378, 59.58784907402004
-2.4057629048015245, 77.66522717236711

-44.37897963937997, 41.389258581713754
13.333346760029904, 57.827489353701374
-0.08465701522568203, 73.87107589613201

-44.48539965567769, 38.38578949567473
15.50661021319643, 56.005784688128344
-2.282394190975861, 72.15926536476401

-47.482173381864555, 40.314890990306985
17.754964798807478, 54.95659691721453
-6.207650162033256, 71.54932604960524

-45.388624239722986, 43.02556009914569
18.38843559353078, 55.72436532406981
-8.690261693399078, 69.59321684008314

-47.53493045849497, 39.36666410897828
17.84227876574372, 58.028117816709596
-8.08466724040673, 67.04959531413493

-48.340350237543696, 41.60037487771764
17.766145897474708, 54.53148774127386
-9.481741852401086, 67.20691868005213

-46.48706652508072, 40.79658429934351
15.52004684092637, 53.31692475772864
-12.939084544494655, 69.70374156833056

-46.027134251492846, 41.0867670775604
17.585453271892828, 53.06781595146373
-15.180511235219377, 69.86001637515197

-48.16079097669096, 43.55072212862566
20.596877625722595, 56.20024116233783
-13.657591213738673, 73.06245671453533

-46.2985039292447, 40.64541909783272
18.45002594582359, 56.4626136632927
-14.9146025316318, 69.3294532235038

-44.60196824857412, 38.585875376521116
16.37105650207839, 57.575492949718544
-13.63776895084257, 65.92559658037514

-43.43375650884612, 35.440884313813676
16.10262855671149, 61.262598643402036
-12.057462620289865, 63.58974258003003

-45.842189575907824, 35.3899838675415
19.522218067317358, 63.11129929157541
-8.31552002854109, 66.86073596418733

-48.502922916429974, 34.44945139584695
21.34512080985394, 64.25205926909229
-11.681981530468878, 70.54396933225941

-49.322529455659385, 32.13882766953025
19.571832652528432, 61.4368023708358
-11.552002608358642, 70.5366803863675

-47.98446522149013, 34.67690249745712
19.87733641172116, 58.23423987576748
-10.946146736541928, 70.2841546962474

-50.24385604446322, 37.86737691093431
18.521693452709542, 57.37333096039433
-14.009577714115952, 70.64538876034605

-52.94252534696457, 35.39251040178007
21.31669793024163, 56.36748676089264
-11.991196111276269, 74.24040752935672

-50.264385313301666, 31.905519034408123
21.25382740218703, 59.60191540414151
-12.896124233958052, 77.55551600047949

-51.27525042745541, 32.50123069104496
18.27518333866794, 55.791245390070344
-13.410001174064773, 74.58247072797488

-54.27357086748945, 35.03097535238581
18.97724795485157, 56.37082110207899
-12.215863564245204, 73.92034144750797

-50.52336537083207, 32.19902895817836
17.90901843232932, 54.92341492537973
-9.72526079723622, 75.5245378548998

-51.67872391681796, 35.93354305551439
15.98534693847215, 51.53675518054818
-13.4506330360336, 77.23849962816142

-49.194689558527095, 35.53376418549401
18.623335652680026, 55.14467897580372
-11.224259962729237, 75.00154100607314

-51.15236093381691, 32.40723166258667
16.748580252399524, 55.40329619490931
-9.31019525694736, 75.395632693335

-50.60885704805953, 34.32584828037917
19.54695337345365, 55.48315089168078
-8.011961872141727, 73.01837718283808

-50.37039800823934, 33.758333393195024
22.002134841623104, 57.51210481709609
-11.121836889775679, 71.50677866279632

-52.20997954831738, 35.898712987330626
20.846127320795684, 60.253191341513364
-14.678650037316867, 73.24532003209244

-54.7306501237412, 32.57643296705898
20.688561515840096, 59.30333085795181
-14.202495139164537, 69.27183892753922

-52.93942627932796, 29.961077166025895
17.76410973383028, 61.52301376764967
-15.361295373342864, 67.4390126935714

-54.7932655262824, 27.348693757060005
16.201342688795254, 58.52805342529762
-17.226827352043447, 68.57556538115398

-52.69020870353822, 25.048265438905634
16.817739871536844, 54.68349437382687
-16.442982058322077, 71.0094257286683

-49.13930652811311, 27.103249620383593
19.561241974479177, 51.9413176069118
-14.337356759944722, 70.6321129245304

-51.422528634070574, 31.09518013714988
19.231321595229172, 55.51141180118604
-14.704564345903677, 67.02828883790022

-50.94043240463884, 27.657063399029056
23.03682322579267, 55.56667674552978
-18.647698913377965, 70.66895795349092

-51.052587331189834, 26.05478512364991
22.628296198668757, 53.550722518009174
-19.606287239108457, 71.40720327746895

-50.505675753242876, 29.063957538176627
20.399101946731157, 49.751278421958666
-23.045539123935008, 71.47610193306586

-48.9894334571552, 30.61687717807244
18.948824602725594, 53.231849917369104
-22.38494580416029, 75.11425956688274

-46.88251252299773, 31.351330538654043
20.830446175328458, 56.57343562234656
-20.23034946995937, 74.27965410214661

-46.702584041830704, 28.335030561025125
24.17016886770053, 55.802624256699566
-23.818535681368452, 72.27055647496101

-48.204642103648965, 28.729365758515385
20.765805721861888, 59.07341918176365
-20.99827639499419, 70.68695414583858

-46.05977771665833, 32.03862437157957
20.821330777861768, 58.84076313936205
-20.54796158546811, 70.62160181284538

-48.9481981801146, 33.8599595583446
20.445502055692018, 61.91009447484641
-19.904769591182003, 69.6675264159167

-48.53730226394546, 31.22384787083259
20.62844114160267, 64.1403237646899
-23.352298941477514, 69.11872950503756

-50.47845412243383, 33.12000113108697
16.836483834372103, 64.53744032611382
-24.584899960294926, 70.72261705918146

-48.06426144641012, 30.449371714937634
14.938095232676018, 62.18023511884941
-22.169006212931034, 71.85266093342557

-44.987460624902056, 29.779630708319335
11.631890765365053, 62.01398866798541
-24.676386113808373, 68.25567674950695

-46.39786628321923, 26.69713132621622
10.276828775337982, 58.916817149680554
-28.675295198266735, 70.34094920971688

-48.60158737412627, 27.424370160314005
13.426159655797816, 59.38072936762019
-27.927530278257876, 67.18632727668383

-50.468168073487746, 23.528796989156568
10.680793131863556, 60.624470107791375
-26.524017465690736, 69.43614218934263

-51.20306668929584, 22.228970377809052
7.984251573536762, 63.244911830181614
-29.17702207513514, 73.1069096811443

-49.16674811061556, 24.02142263951253
10.86267477504521, 66.18754926289647
-29.196688934647632, 70.2890990069207

-50.1031279458888, 21.608414271406676
14.577635424892492, 66.49703547786741
-30.94873385823984, 72.04449680371957

-51.386305371177926, 21.239614973835277
16.482926193577526, 67.23995709386494
-33.54571257136934, 68.63488654469187

-53.55931769607781, 17.64654393244745
19.42221658421343, 68.41862351568707
-32.40800790863743, 70.41034124745232

-49.60071131867678, 18.863302295301345
15.45163610507554, 72.31185976863745
-32.15852028656383, 72.46278250409686

-47.053908963907446, 21.296788535142657
18.508127639954647, 70.48091628861559
-33.679414022713885, 74.13279945998613

-50.23185980788325, 25.103869863223615
20.60076745332327, 71.78599116133228
-33.875635952574896, 75.45990655193373

-48.15780530055293, 21.994579207153432
23.337197300324515, 70.85967712056902
-36.61024838852201, 72.85121156032667

-51.561454907404084, 22.0751515665502
20.226072615506673, 67.83831115778764
-37.86350086509532, 69.09603479510692

-54.54291187269017, 24.05225178755079
17.46955251870638, 68.2606920689459
-34.001660074490516, 68.4006571104523

-57.51211354412557, 28.044109422429006
20.76681411970572, 64.71851742282098
-35.82947616639232, 64.85435148962507

-58.63513848312006, 30.219305002080688
23.675255904605713, 61.873170801263214
-35.26454626029067, 68.61925461994394

-61.39896842026211, 28.816565717690313
19.79902775811371, 65.17950593826109
-32.10658897522395, 64.6268580519733

-63.38909604606972, 28.130698167611087
23.713653352509226, 65.56694919390738
-30.163191166512892, 62.0330281301192

-61.92473467956401, 24.33977940677668
26.786355752939073, 64.71448694813604
-30.5171571950687, 60.00076468042908

-64.2743694729954, 27.57085018774982
24.04119378548644, 67.33089726407074
-29.889803229342874, 63.03151950034661

-63.22867401750676, 25.63234908415295
23.37340366656086, 66.0718535389441
-30.383658435272483, 60.73005395128509

-64.77667148078763, 29.06277945767556
20.552831380805607, 64.465805301095
-31.03334995161894, 60.883008827204996

-65.89414493275024, 25.22971769772397
18.06419514729951, 65.166449056174
-29.842751142256947, 64.48374027757563

-66.60483899999856, 27.457923277472126
20.394470816264356, 68.0400976595942
-25.848333041606754, 62.72378653044685

-64.77935414764042, 25.057369388312356
16.98089741146392, 71.26320167004074
-25.714686944628845, 65.67492661529934

-64.40668470772843, 23.973665650628057
15.491844302520615, 69.43865908907385
-22.643422628029413, 68.22865576835508

-61.94544155593063, 20.018833263944543
13.264432802456893, 70.33797102352254
-23.51201812816408, 64.97179403243766

-62.91120531875708, 21.832181451672042
13.98912226967577, 68.17567979942746
-24.26612989963592, 65.69980144270423

-62.22407219995686, 22.324724101240193
17.760315783512826, 64.37368253512602
-25.619674980781614, 69.276560186301

-63.08639669718608, 21.541815227839475
18.82050011203517, 60.78601993454562
-23.332534588663325, 71.64096746114916

-61.625434605050806, 18.167519374853047
21.701874642996444, 56.9093839939411
-26.134011049355124, 70.10869398410446

-63.072961728873736, 18.556296986014956
25.658193087159127, 55.553818639605225
-23.0902969915051, 73.5843280893015

-63.42426434559998, 18.575991726804745
26.356232139589356, 56.71925189817517
-24.34103871577608, 75.74806631206721

-61.97525528836428, 17.291299604738573
29.471481154058715, 59.57149491375216
-24.813090202096816, 72.8077870634866

-58.5789067616634, 21.114325514682697
33.433393176475846, 56.54756036251314
-24.492834457255007, 70.9672232523729

-56.07560815469245, 21.470613691329103
31.667425690789106, 58.669390711739155
-23.230128892693383, 68.28249520652996

-58.65828309230872, 21.542001071758285
33.810889394601034, 61.6438034470648
-27.007919972083176, 66.28608164934619

-61.976285548681076, 25.408048903520175
30.027306605577966, 65.63842721284301
-30.435347119933063, 64.30837957605868

-61.52799938215946, 28.800215757776634
30.121670003093048, 66.92246040851226
-29.16903820663557, 68.13664099884716

-58.976819921398906, 25.883637812622975
26.54139786939424, 64.5612782490438
-28.171734935194536, 69.72908705447949

-62.744364555969454, 26.3161940463236
29.00260026143505, 64.66105026184034
-29.860829715511642, 68.62085603608985

-66.51500781550472, 28.502541093383154
31.462958224907844, 61.567868180177996
-26.194175596920562, 67.03058672817251

-66.07628486313695, 26.57931836102437
33.156896180575984, 62.14569948739179
-29.591866164977755, 63.139532474290164

-62.59398610820071, 30.03796337294024
33.59414651248844, 58.345135847707
-28.695215236690725, 59.70003210905648

-65.67728147309668, 32.1445665506078
35.88998676321713, 59.216778172009434
-27.93028207313128, 59.529217566992884

-66.03362169823971, 33.95293481898397
39.350428421065146, 61.51281209702394
-29.20326929454497, 61.10874356161142

-67.98234944883212, 33.17877090796997
36.36318456053467, 64.53612555157707
-32.59112762256206, 58.66604812149147

-66.55581768549403, 29.334052035004092
32.598812503284705, 65.93327204684337
-31.669578575343174, 57.24600756524102

-70.33890447632497, 30.349696552746607
35.46239727614259, 66.7543323398828
-33.95036597822961, 54.69407505255906

-73.05549517320341, 30.322521984558882
32.35463213622982, 64.43751996962968
-31.670989977031056, 52.44596673447242

-70.36332807777981, 33.48958299766716
35.02481668827445, 67.53459242124502
-34.146062031799296, 53.76336226685634

-67.81878047527204, 33.86983908066834
33.928252079659146, 65.13449695011101
-34.267159020158616, 53.50528355757476

-65.09507744018819, 32.6672760431938
32.02295002683662, 64.90685789835563
-33.4729063642819, 51.744903427705715

-61.31116161224562, 31.787297456828572
29.450797352159334, 68.15476180932619
-30.1943138008196, 53.547806541102936

-59.35791362364484, 32.22778775255835
31.83316231367464, 71.19334985332367
-28.850778051225074, 51.51441093684345

-59.668373771455144, 31.985031896818047
32.35870732670343, 69.12791545840439
-29.71238039508451, 52.01263044349433

-59.070679336219726, 30.02136955960364
35.91701601313054, 67.35863643173985
-30.55794219606058, 54.86707050672091

-63.00944833956116, 31.531761875080214
37.85528352877272, 63.90768820166086
-27.57762071923181, 53.4351159998293

-60.765262097014634, 34.172010401143304
36.8794331162095, 64.70128807416049
-23.756420054867576, 55.6448299031922

-63.02716889990452, 34.793432657821846
35.606044914286485, 63.28138401013195
-22.268892156519872, 53.05744286567092

-65.08178670767693, 34.90712291060117
37.60725469874679, 64.08339816840765
-25.214239773415954, 56.85709708883964

-64.66755250667735, 35.22227509143959
38.80410520068894, 63.19964610024662
-26.329185185106375, 55.1038830529432

-63.94264443914519, 37.097251519513605
42.28757525070321, 65.54444677716447
-30.01414990335697, 54.22553521174141

-64.79809802426706, 33.23293719882695
46.12265957670125, 64.45535159822006
-31.91453006927211, 55.89706479525087

-62.91632259787938, 36.865984243112216
44.24886792018816, 63.227695825021286
-30.89170309419715, 54.31334154998905

-63.68177734762858, 39.95585923085781
47.25381963069266, 62.13433169048629
-30.90196047008129, 52.349191681629556

-66.84593012715393, 38.8391910489876
50.74522552997626, 63.16104079551467
-27.01611906283555, 49.72874519247017

-63.89926936369358, 39.8729582088854
51.330033268519465, 64.01391896737847
-28.684458334601185, 46.02531216128811

-61.60905045897456, 40.34156038196155
51.064706115270674, 62.95198916700467
-26.275717587850515, 48.515232363312556

-63.9535180389427, 43.53750699052987
53.944424946046325, 62.5103284840683
-24.438272402410256, 44.95384718797074

-65.93677511567418, 45.31661008747172
50.54862455554889, 65.10491584391534
-23.445252044732086, 44.72124576894671

-69.3437345529937, 48.27663766032355
48.252672906946835, 65.00789527693118
-24.12096239404696, 47.20823999651143

-67.06915766366153, 45.13104133866881
45.952855430430574, 67.4017776126252
-20.56608155887919, 43.795173718273986

-69.79818688516309, 42.65672652296293
49.73987997100534, 71.16963406439802
-19.070456169346443, 42.683457759875786

-66.90674161579564, 38.93800864348514
48.78672300660104, 74.95379569520377
-18.697906836817367, 42.22196864631574

-63.25061973620097, 42.39160764666672
47.52668166931729, 76.48673052705867
-21.103668712715457, 41.25825660200362

-66.05590826133556, 46.19592703007497
47.6480821020058, 75.39221831563115
-24.267024737045524, 43.975206016220774

-67.99879033647328, 44.12360225410246
51.025205968452084, 79.13501508631293
-22.885741871364164, 40.94617637108382

-69.29962186475043, 45.22024745487236
51.25207730905956, 77.31526804892583
-23.323724957751427, 44.10554518160089

-68.51544150396467, 45.33713877488203
50.42366340837328, 74.60145368643737
-21.071060839553144, 47.36342734579526

-71.19725908492357, 44.396029476757256
51.872446076586535, 72.30235844467077
-20.956765948353635, 44.12975008142946

-73.16920072659863, 42.37099215642483
54.650099316565246, 68.77862973354907
-18.950024175968696, 47.669795946497864

-70.60195622738867, 46.10075825458989
52.29013350857186, 67.2951758178929
-19.19924386617337, 48.1122559172477

-67.2348247512882, 45.79270123207458
48.66325492775907, 64.49569695682635
-18.60582688717867, 49.01029664499128

-70.3325581257292, 44.9284735124905
46.46142656167668, 66.92850807223073
-15.343037360968376, 49.31770382722261

-69.43645408165138, 45.53590312583026
44.437108371821175, 63.36558301819069
-13.936255439128823, 52.36221469897451

-68.63240635811803, 43.318248406922926
43.14585206564576, 62.97246331031474
-15.041417512276167, 52.63474567789895

-72.33388232369462, 43.95592428079851
41.42180748587617, 61.85082925118258
-16.10111588905586, 53.62579708750632

-68.74199120566658, 41.72958674516779
40.19914331878242, 62.91137974153686
-16.534117139908084, 56.268560658961626

-65.27248767425205, 44.63938426763256
38.58164025076668, 60.81580322062487
-18.689374001183452, 54.807139254844365

-62.86859648821847, 44.9832924964744
39.5856635487543, 62.18648378703352
-16.267886774645234, 54.755588439381

-60.37471100392008, 48.10102346718119
40.84384724704223, 64.81092940394686
-20.225340045489983, 53.9555625637478

-57.943360342929935, 46.93124986536955
37.16917398905071, 66.21387886371102
-20.619799874680737, 50.42864012476128

-58.04188114433404, 46.160900195797986
39.799186505357326, 64.4897977020962
-22.260228083812034, 51.211579821381626

-55.530438427346425, 43.89890309507075
42.17570702142446, 67.79917941258992
-25.14849952553817, 47.70533934450532

-56.63262547215849, 45.25255815706498
44.02926322242325, 66.18684436345184
-26.44950353066687, 48.15512415356714

-57.24934354880071, 42.541216071225364
42.27503340611062, 69.8710963719537
-23.39100477075778, 47.22459804133298

-57.74148254142368, 41.34820971688678
42.478637655347654, 68.36987309213183
-24.572361992209142, 45.96632128207038

-59.43869124138594, 44.343911806953
44.917936281036845, 66.19984245506875
-21.708221519622377, 49.29779664810502

-61.834610104740925, 41.33459518398418
48.437734969125785, 63.99467209261885
-22.321345955155426, 48.96409935973665

-59.68887117948294, 37.80407152436322
48.33116408801134, 61.85967022194304
-24.713861021904826, 51.88196611351487

-59.88883499744724, 40.814396460749315
44.678903200846975, 63.05258977927285
-21.127230055035987, 51.8466742180048

-59.64526033212108, 39.603602443677865
43.24083641399065, 65.74708550033029
-23.924859500912316, 55.28488350712278

-56.76328041451302, 40.67532862000329
42.890556885886724, 63.222010560829695
-23.21543448805105, 56.2806517007325

-60.44026258995118, 37.267322073603715
46.22895236942744, 62.13410898036494
-20.2040826415139, 55.19684751678903

-60.446119004416765, 36.32532862525131
42.524770288477754, 65.35072952695897
-17.036400451431255, 54.441097943106996

-64.32670085918167, 32.72346719116641
38.75028001345483, 62.221916813623466
-16.852800840093597, 55.73605825019499

-65.96889629935002, 29.242889595978518
35.08576460843793, 64.6280751015435
-20.600185413654508, 54.536779126610455

-66.97513858409295, 26.081384204521406
34.10154559511588, 66.21837081358493
-21.726480328272668, 51.14663091809723

-68.60215455602793, 23.241166323242933
30.418167447464732, 68.18907012918686
-23.779813608376877, 52.26241775899017

-72.32784406810016, 23.914525288879236
28.856279554320324, 68.88152091417135
-27.546661509653667, 49.50557401312017

-75.99516610603183, 25.279142454469866
32.08656066799796, 66.76007655600183
-30.907369271291167, 52.05330435653185

-74.66703472786675, 25.100386474362786
35.33760910884259, 63.43473315707472
-26.919114237144544, 53.759595020250735

-74.41280678299793, 25.885082719735202
37.833051568325644, 61.03100876957199
-27.908095281868224, 50.61680542078357

-73.70834042943491, 26.202063354541924
40.517076659138795, 58.00741077873854
-25.319707824607377, 48.764248761525536

-69.96134976537067, 28.65940465482412
38.25752873387774, 61.15828216210793
-27.203502761486007, 50.45543077277346

-67.08342843166841, 25.79311726119778
41.582256631520636, 61.71594622514321
-24.004908026612163, 54.12195570522505

-67.84486346310902, 26.602300565771227
42.46120755078216, 63.082805070193366
-23.85514596367748, 54.65341217999008

-66.43297418859495, 27.370858560718535
45.277338738896574, 62.29572703165217
-25.31643158679468, 50.80729615528338

-69.278644518879, 24.2351384424813
41.39051386208079, 63.463368334450834
-23.65177535119078, 51.353129298369595

-69.65480073073411, 21.12199293986954
39.36925106655955, 62.82361193335748
-26.093703103282834, 55.12180584993366

-69.1936487812882, 21.04989059597288
36.82603362208615, 63.91174040586613
-28.559218326171226, 51.66454041244718

-71.51707673995979, 20.45661276737598
36.821441546887485, 67.71444038570421
-31.044989552610453, 48.63280051985075

-71.67993137807369, 19.05819791669202
35.10683736286656, 71.15768167122704
-29.848863750293056, 51.47051893311864

-68.79153471562344, 22.243626848202776
36.46184393230206, 67.19128084036566
-28.52431648804968, 50.36294091783662

-69.67903205584525, 20.420721007335214
40.43085804055764, 64.68631339265023
-31.69558303377969, 52.60368222918161

-71.44554753100346, 17.588613098142403
38.99681366578855, 60.954367316288604
-30.851757745364928, 52.447389964603154

-68.98114047317327, 21.11386093645668
40.12719183404125, 58.7488089914384
-30.888746983628764, 53.039155420718544

-65.56482084498352, 18.795936899457708
41.08022094083551, 60.987812495428955
-29.80177796599795, 56.72996447337522

-64.15439999272243, 19.17096065921841
42.81121565054207, 59.024452016594175
-28.691282048609985, 56.62606158593854

-62.791274372943676, 21.984095205006682
41.555757679295326, 57.79511295861775
-25.74621251644093, 54.06832100525263

-65.90228692608392, 19.52592019891351
42.312519148110894, 58.88366819778464
-24.957319841893984, 56.30935978453874

-64.18688116252999, 23.432962113681285
43.507718361512765, 62.474266128500204
-27.56879019573838, 58.73522766288238

-64.60616674358124, 19.702694153213677
44.19864866050277, 62.98870034068848
-23.716142960920518, 56.7400810118452

-65.51423835286542, 22.483836475574336
47.142240190820104, 62.12420499032911
-23.881167515171736, 56.936144212821304

-64.4025778181508, 22.90770741211994
46.104441606828516, 61.06081237348754
-27.46807193804873, 59.33627216069634

-64.46040610608361, 22.707433684127118
45.17726302684847, 60.725739164887266
-24.26322488207559, 56.83477498772483

-67.50538719623377, 26.36757868065959
43.96509163503235, 64.1939280868609
-22.811263458892565, 53.88764967488149

-65.00801285279903, 29.727761060533616
44.76328670799348, 62.078726210046426
-20.204926027487808, 54.474694378851716

-62.32865645967439, 29.380418837377718
41.143306470435796, 58.12799552078019
-17.472210965626623, 52.598932581037396

-60.02684189661163, 26.551458319497527
43.298609689710695, 58.40547007127453
-13.907584799719906, 56.047175203471284

-62.24321890950494, 28.257922708583827
45.339801765279695, 61.81140210272508
-10.251955975064671, 57.030124925474325

-59.44790703354802, 26.848134662168633
42.81189503502733, 59.780507059895115
-11.251449920793085, 59.38775654304828

-58.20860103443832, 29.211857902043597
42.671625140302346, 63.05264458261435
-15.042772152931203, 60.910367270327825

-58.63954359681084, 30.153560882735807
43.688608943391344, 60.68736845990634
-11.558480341597875, 63.55152827669971

-61.63099388106257, 31.153409942604473
41.66568707967943, 58.20813900564495
-8.705205273727556, 62.94230644989105

-61.88938707516563, 33.17420412364471
39.66042426372845, 59.62947546408998
-12.685179897437507, 65.19428469951634

-62.292684680649515, 30.04630146450886
41.19365084231583, 56.53186165608924
-12.425105096487666, 68.81466350953512

-61.28656955813035, 29.181023703967565
38.04197527135258, 55.139933653104436
-14.058612923940082, 64.98692287457459

-58.17185030612079, 28.31874820223908
39.03169616755358, 59.09852945083628
-14.51820291151541, 64.71595553854598

-58.7980724813704, 30.93295355865835
41.49487689603014, 57.97316569488708
-15.03468776805867, 64.75943487302473

-56.798878471181474, 27.370297964500665
39.57994402700389, 55.90332512287942
-13.286679848156709, 65.51559945071665

-56.09532147010097, 24.3020871853891
41.27975922089327, 59.36401862725053
-10.432872977117807, 67.84378312254132

-59.656220060094526, 21.99754461985797
40.481219197623915, 62.06413785199804
-11.59780186541644, 66.23298286756888

-61.06697601665771, 22.844851376570983
36.834836051206835, 59.08395658913874
-11.295611163623828, 69.22401931603088

-63.87580981017032, 22.874681630777957
39.258074725970616, 58.762631539679774
-7.520551072497748, 66.22717806436648

-64.50096417401586, 19.23284168998245
40.354224213296746, 61.869422056939875
-6.303978179142641, 64.37985714442624

-67.09916630984452, 20.796926019616933
40.20663707731221, 63.239966035460746
-7.2757639261776355, 67.98326748148584

-68.74784034680175, 23.698809744790967
44.15855413354567, 65.83978348904985
-7.801275619790279, 71.10829187591456

-67.46768229031805, 20.06031111488049
40.873800762560904, 67.18461997095014
-4.941170947468784, 69.34354777582338

-71.08877498399787, 18.514267313915695
39.63873436350149, 63.44569988297875
-5.467417850915818, 66.12177790236274

-69.02559315666598, 19.57890128268972
37.446216686613084, 66.42010423984405
-5.781243287531334, 66.50233199156075

-70.53253396142591, 19.320963227566835
36.51061340432906, 67.8851219823725
-9.627948416552321, 62.612023431281145

-67.18317892583042, 19.68283997285522
40.15303460874441, 67.9049210651857
-9.889192046494358, 64.32436281684441

-67.0627184409383, 16.87442616404486
41.60450429034775, 69.12989105125237
-6.051762426290346, 64.80753337686045

-66.2797034614957, 13.10682285253795
43.05720565047774, 70.62020114187729
-9.469288950406963, 63.41789839628835

-63.489530289374756, 11.008676946978627
43.76430912120562, 70.57137470068774
-7.122088966020523, 61.15295747652713

-65.31165438324955, 11.045182393495848
45.78395683020574, 67.27212793345139
-5.695110436812921, 58.75329503921619

-62.105160860496426, 7.4750611228423285
44.089808088013264, 70.44209153452643
-9.410962050798723, 60.68438410181906

-58.62785270960757, 6.035700827592099
45.831806031274226, 69.0310538720656
-12.225916819616106, 58.49177574259647

-58.94407404245125, 9.86383885446103
46.60014723555916, 71.22034285592443
-10.450748738894074, 57.76170223199929

-57.4472291364933, 6.246829002440976
46.266218560888696, 73.78402394640382
-11.464386993562005, 55.382351011894585

-58.68101500025445, 9.363113757658168
43.760515581763435, 73.17386390362337
-8.102785544166721, 58.9177104307582

-58.24640956394696, 8.836807634645371
41.32220050235318, 72.4995446709664
-9.990767514254436, 60.87599019068723

-58.77654194508707, 12.045764291792283
41.444631210875045, 73.33688241971265
-10.296300271142577, 64.2752110040539

-56.38544093419614, 8.756368773392435
40.871865225544525, 70.99690928163652
-7.439872316472262, 66.63115745057092

-53.398446447446695, 7.373886482117455
37.60957032743265, 71.7009930436206
-10.102115435433747, 63.21039042552502

-50.795637077363196, 3.85674152377136
38.40887315364462, 72.21632774833023
-12.049037309513938, 64.76077755633311

-48.158140180883684, -0.005127934087061803
36.16008384138009, 74.37481410632542
-10.311235648970626, 62.23456513932665

-44.607958762854736, -2.8379269771760978
33.27476465835757, 77.63040553832674
-10.991100438343128, 58.951620166651836

-46.555576505855356, -3.3278131407690346
32.416439747537424, 79.7644302930592
-8.429319561350262, 55.41248476003654

-45.98474298201897, -0.5725650485179807
33.58011579270969, 80.38780700744142
-9.125689055406049, 57.807135551818156

-45.78920549533151, 2.451991924355303
37.54191112684938, 77.3183410327598
-12.44545962320445, 59.27411037706241

-44.37258664382847, 3.1969021261791157
40.227572862502996, 79.98692578129378
-8.535586330098054, 56.54282654950085

-40.980670752842364, 5.104541264489739
42.255423122303995, 83.03537057871203
-12.125195201628365, 58.30164304206775

-41.80163590252092, 2.9617470257662317
43.56246627517073, 82.2628544336124
-12.82889170105482, 61.6688794660177

-40.82151875093945, 6.11394494926996
42.044555841369245, 82.54388001615878
-11.34405190144799, 64.48701367186251

-38.87612669370152, 4.011298358529675
39.04590400193573, 85.49720756237178
-13.553106609827404, 61.5586660187261

-36.379752611665296, 2.1841182114969193
37.51951326985812, 87.47299778221759
-13.502375369982555, 61.173710461203896

-36.98931698086714, 0.6187169300366264
37.077386048275685, 84.35215178233902
-15.993713903742623, 64.56697708103205

-40.114856305946375, -1.26164889400747
33.696249858050095, 81.26684583572859
-19.67186944166337, 61.86823769015326

-37.12480301454309, -4.943081543550898
34.956983096803945, 83.22726723286435
-20.1962200412206, 59.366495262606584

-33.92820376544354, -2.381316245988941
32.78005418015976, 83.59254966353473
-19.036550629154345, 59.2213033581402

-31.358013926271205, 0.03889176580506515
36.08373995091673, 82.50416223078537
-15.811267099528205, 59.85605621442581

-33.85954105902748, 3.8907140360639785
39.496648651674846, 79.37957112637243
-12.891023389429776, 58.74178424411347

-36.650801181027205, 6.811087370714216
38.09482984626256, 80.32155108803187
-12.014593578034438, 57.51346747770596

-35.706547288229366, 2.8394643674986897
35.27851485448943, 80.43617074048753
-8.22713232327866, 55.38231543932945

-36.001527124009726, 3.8356053578434866
36.9762786056652, 81.86474838521629
-9.441284977021995, 54.76179210546237

-32.588025841585306, 0.3294164791324148
39.839265565752015, 81.09408610090111
-10.327669720254615, 51.525655527007295

-36.401446156949206, -2.5036505837203444
43.8002382760197, 79.03246048185085
-6.663132478714964, 52.71829870932446

-34.225491532106986, 0.4678039193246901
46.261466543815, 80.90122092402275
-7.351198988236565, 49.64740917797573

-31.118581916983036, 3.7479605955385953
49.724361910611776, 84.61770342855748
-5.764517774272006, 52.396231609813235

-30.406353607166636, 0.36237941902506865
46.02927107262902, 85.09819561320579
-7.240368763118091, 52.21214773196059

-31.089529456004197, 1.3116058201090972
46.94729008058074, 88.42759379919875
-5.125552738813389, 53.76521272287261

-27.686007716107575, 3.4468500333710406
44.40228334337475, 90.37243682744673
-7.925812480070762, 57.15429970549916

-24.93264425802444, 2.400711678831131
45.954275903369265, 88.28925961874262
-7.452039496324232, 54.73626289446251

-27.31585069737398, 4.434933030014801
46.95039251298108, 88.1251925899229
-9.398530347074137, 54.132034234855745

-26.26439499064615, 6.024820617237601
43.81676786467426, 86.74387143010526
-12.221966896239987, 50.1680516331764

-25.046943627575615, 4.0128169578297666
41.5402661474049, 85.83285480592073
-15.424325813293162, 46.88003797287243

-27.64326610922046, 3.8655287568741166
41.31085445157817, 86.90500846432755
-15.314051287781695, 47.519215913979586

-30.308571046509172, 6.498689480860255
43.55882821347737, 83.09525827371655
-19.122907892898777, 47.85268665087529

-28.683946548326702, 3.0488200557823877
45.096466177570235, 82.27882103034183
-21.103399992187136, 50.8108417737261

-30.662265984573096, 6.674831625685468
48.84090640536755, 84.03008681031372
-24.63546145926085, 48.462494368608056

-33.39614449746144, 8.27745075750984
50.69909939312008, 86.02465996704662
-27.32391334375818, 47.7150972802758

-32.21729043412284, 12.008945729782337
51.93707109132134, 85.76683776309618
-24.945340085273735, 46.093973784026225

-34.59413972184493, 10.874509820231939
53.67100845501953, 88.1814571151545
-21.58030792626841, 45.469151501052224

-30.76333659436264, 7.124151932329713
53.784408198755095, 87.51952391662236
-18.972545720030055, 48.95119641140318

-34.55534736802895, 3.412092039356158
51.021746672641, 86.4300602989783
-22.61290102806143, 47.67420433558104

-32.534428335037234, 0.16977183437307186
52.70442828926275, 83.22211760019756
-20.69346646885068, 47.7910683846354

-35.711242413535416, 3.51676078566817
51.38435505201667, 85.28897880445217
-18.980201962513373, 47.503820970907455

-32.484613870374005, 4.2996068886080705
55.237809521021305, 85.54302343858322
-19.72104339891076, 47.81304439734114

-32.490977243973475, 7.864772199687042
55.17011122850634, 85.11830161187129
-23.496098217078092, 48.07345228802759

-34.397206633816424, 4.76078358299266
52.952933026351964, 82.94040346334364
-21.506994501263463, 47.56025979857114

-37.49904455679432, 2.900811099227859
51.867603745179586, 86.30870778712006
-19.496642739533403, 44.06615036613396

-37.99420262462014, 0.6182029499205379
54.441846589781235, 86.3412465900392
-19.24484001912159, 46.512113815670126

-41.350020991509965, 2.689315191237162
54.94021244936024, 85.20385109195686
-16.090038742757656, 48.30027453329717

-42.68017873413062, 4.6122047297980195
53.3883777777276, 85.75953075489818
-15.95784410942533, 44.37645369560813

-42.98984339328049, 8.470932938171783
56.5601277672345, 89.07079372401064
-15.691452809100003, 42.98243543463539

-40.36895684841235, 5.189394053760501
57.355395022943505, 87.99307509513645
-14.707205934883772, 44.91128640906653

-41.96908127442487, 7.336552122433702
57.5365478948939, 88.95295811883126
-14.891639810027602, 47.67922670968697

-41.40610021018479, 6.773613912322759
58.30723345354985, 87.57657857299152
-14.513536243382367, 45.912539943377695

-41.20840143860022, 8.490235529388404
61.59881755351929, 84.11990982692912
-12.150079895043563, 46.649490426589

-39.885301637029215, 11.267989511396317
65.0650262906066, 80.32586091281826
-16.129545187044318, 49.09221452651823

-39.07173408506786, 11.341674384153563
68.92006473716489, 76.88043299121847
-18.3948849510886, 50.86252915733147

-39.61557140867998, 13.994070150584012
70.58106279354823, 80.30853785792199
-14.686074768182369, 47.78677513494264

-36.959496027335156, 14.479387218770214
73.12328588443138, 78.86603634319079
-13.808749829637517, 48.985423931318

-33.68433906285423, 13.877544830338184
70.00287358946436, 75.6690743536696
-15.187611542460804, 52.750632367848056

-33.9168045916245, 13.084200511211295
70.5952000572167, 76.78730943616033
-16.784241973337362, 51.15695825020403

-31.935809320130733, 16.899219507069112
73.8471195876474, 80.53428058442981
-15.364016454092157, 53.679620890351856

-29.258465609563782, 18.9109533797845
73.64246385713834, 78.11558902273879
-18.846876269721978, 56.732477658234906

-33.09771290347766, 18.977382584264113
70.00980724659419, 80.34859050966114
-17.644091090987814, 59.14353688764286

-32.22108419847635, 15.905944904612266
71.81639718605007, 77.8439216635261
-18.486466697648055, 58.90141352386712

-32.62761607008815, 19.22792187017182
75.33772042777139, 79.89637911548385
-16.39250277455309, 59.174427692698394

-36.0646876086343, 22.893420665094588
78.39114978502266, 76.94192414256278
-16.95949476960205, 56.318262096189926

-36.04662781627396, 19.893385233654318
76.21097804516967, 76.50463376283965
-20.31343914488612, 57.45074007346955

-38.055044511050326, 19.288207501351007
76.80804869469222, 79.39373242501586
-22.340515268766936, 61.21247390205729

-40.74874814745531, 22.33651038424253
76.17021271503913, 80.95251769169869
-25.19174247258974, 62.00877409129359

-41.96932071729568, 26.026513391743684
78.26800017609875, 82.42748375586282
-24.9359863537712, 59.356818803915175

-39.03561259738976, 29.11010692671075
77.5217649304464, 85.29110584324161
-24.27093732747366, 61.77460399089371

-42.89480744181719, 25.654255166270087
78.97131595800393, 84.64624066580043
-26.786492084232464, 62.04254401003729

-43.737471969643416, 21.969110266414056
78.84158872286729, 84.91198396709628
-24.590285852838917, 59.14830127324168

-45.71498698625948, 25.00198627072303
75.50690947007817, 84.59908991060638
-23.18849697760619, 56.80105043562921

-42.920652898566345, 21.351466528425753
74.41196151814113, 88.30330229497125
-26.57132242233305, 55.93406396614834

-44.82071004644199, 23.500207091336375
78.3008166074107, 88.52614500043448
-26.943729760274316, 53.480018039590405

-46.427481634072564, 20.334851700145254
77.52478783810689, 91.86786964561126
-23.055999460481445, 56.224360419251894

-47.74157952021962, 21.913561625031935
73.81327222004506, 93.11194013087427
-23.646791329870535, 60.1886187602762

-44.39432910956243, 18.510189644134776
76.78321391661216, 91.87132759188951
-24.915055092067167, 58.132532642053434

-48.38294778758711, 20.71876789167191
73.72962810914785, 89.3619592714477
-23.35444680798212, 55.083885180556194

-50.82149054813515, 23.804732740518595
75.44738351431148, 86.20655373050558
-24.38551809184369, 56.90738850340559

-49.39972665570771, 23.29760188611102
78.72016772988215, 85.63005337605925
-26.408227580519895, 57.8624275947523

-51.909001169877854, 20.856626202023993
81.2836435994668, 89.24441980954342
-25.657176877265574, 59.93267787214342

-49.67450471825825, 18.920256781395775
82.40245858751378, 89.13779345482772
-27.868883408549507, 62.37732576233664

-49.98031748321989, 18.459486349505056
81.93879748720181, 92.83704380766358
-26.706321678978018, 59.34417074801969

-52.0706856281189, 16.6063192515753
84.09349858478836, 91.34887606851193
-24.26631323320992, 60.5793577452089

-50.65346432804753, 15.906970372884413
80.66820115701793, 89.86291936030554
-28.044596398408707, 60.38122194357835

-51.21322617876793, 14.690478148134472
77.79459585532523, 90.11021820751913
-31.326299167386054, 61.32718983486643

-55.050129712511804, 11.874352561822167
80.15309313847686, 90.53124458941315
-30.220722476458626, 61.557690629578964

-57.2102241098769, 9.582506661011823
77.1763020625473, 87.12698039643999
-29.880140148254917, 59.95078594688598

-59.808668069777696, 6.058991515201193
79.7698857267751, 87.41017299112701
-26.48807111679305, 62.42348634048729

-59.583102046547424, 3.7839726843068267
83.1609795831508, 88.24626427868186
-23.731422646979304, 65.24695309056054

-62.462931310081274, 1.4801318201695217
79.75658665693398, 86.65941229592163
-22.515857339605454, 62.05965105639673

-62.90679102531079, 0.9833592474810313
76.71098230140628, 82.71482694447849
-20.911316858068037, 61.35818312644265

-58.977253962576064, -2.6166283798244487
76.58983250566287, 79.3617036231379
-24.726452002508108, 62.59704618761809

-56.57936900001578, -1.7905657820477385
72.92644320565087, 79.53830933857691
-27.94716759382667, 64.92351765186592

-56.88057639049576, 0.4165550179612687
69.36935895442826, 78.53488616839138
-25.788097752369417, 68.71639988518909

-60.11258035317728, 3.6207144174635593
65.46182332082905, 76.68037812278733
-22.341348607900535, 72.38771980031905

-60.90763981877045, 6.598388755997173
66.23683805021457, 76.61271101823702
-23.36024461627665, 71.46277927012967

-59.79593967436503, 8.390696241554334
66.99067678924467, 73.38525540213641
-19.759637097027717, 74.61356748455971

-56.19052612472138, 4.634999776780926
66.522384668668, 70.11262499037772
-16.724772987268324, 77.44195645382085

-56.22344167426182, 3.2004505507277905
66.37332457512225, 72.32589708046581
-16.22617688854184, 76.6043643244831

-60.101644461200024, 5.849132648289525
67.9115324261934, 75.90953050037676
-18.089619524076607, 72.93970567573453

-61.989615900754025, 5.198729880637353
65.31376758837035, 74.96921438415283
-21.63651469138319, 72.27634721610751

-59.37030920345831, 5.81640693608449
67.9025548863754, 77.95637728181616
-19.624008501035703, 72.62170315534098

-60.78314734850163, 8.212072441053824
68.878170295204, 78.48760259928078
-21.246802567904307, 74.30890297416937

-63.663224644171386, 7.4801435957456555
67.13140254070338, 82.44414937613791
-20.44442662846897, 77.76415323687111

