0.000000 ,0.000000 
0.387095 ,0.000000 
0.723289 ,0.000000 
1.000000 ,0.000000 
1.523396 ,0.000000 
5.204545 ,0.000000 

0.000000 ,0.000000 
0.386761 ,0.016081 
0.723194 ,0.011750 
0.999950 ,0.010004 
1.523374 ,0.008091 
5.204544 ,0.004398 

0.000000 ,0.000000 
0.385760 ,0.032134 
0.722907 ,0.023497 
0.999800 ,0.020008 
1.523310 ,0.016181 
5.204538 ,0.008796 

0.000000 ,0.000000 
0.384095 ,0.048132 
0.722429 ,0.035238 
0.999550 ,0.030009 
1.523202 ,0.024272 
5.204529 ,0.013194 

0.000000 ,0.000000 
0.381767 ,0.064047 
0.721761 ,0.046970 
0.999200 ,0.040008 
1.523051 ,0.032361 
5.204516 ,0.017592 

0.000000 ,0.000000 
0.378781 ,0.079851 
0.720901 ,0.058689 
0.998750 ,0.050002 
1.522857 ,0.040450 
5.204499 ,0.021990 

0.000000 ,0.000000 
0.375143 ,0.095518 
0.719852 ,0.070392 
0.998201 ,0.059992 
1.522620 ,0.048537 
5.204479 ,0.026387 

0.000000 ,0.000000 
0.370857 ,0.111020 
0.718611 ,0.082077 
0.997551 ,0.069975 
1.522340 ,0.056623 
5.204455 ,0.030785 

0.000000 ,0.000000 
0.365932 ,0.126331 
0.717181 ,0.093741 
0.996802 ,0.079951 
1.522017 ,0.064707 
5.204427 ,0.035183 

0.000000 ,0.000000 
0.360377 ,0.141424 
0.715562 ,0.105379 
0.995953 ,0.089920 
1.521651 ,0.072790 
5.204396 ,0.039581 

0.000000 ,0.000000 
0.354200 ,0.156273 
0.713753 ,0.116990 
0.995004 ,0.099879 
1.521242 ,0.080871 
5.204361 ,0.043979 

0.000000 ,0.000000 
0.347413 ,0.170853 
0.711756 ,0.128570 
0.993956 ,0.109829 
1.520790 ,0.088949 
5.204322 ,0.048376 

0.000000 ,0.000000 
0.340028 ,0.185139 
0.709570 ,0.140116 
0.992809 ,0.119767 
1.520295 ,0.097025 
5.204280 ,0.052774 

0.000000 ,0.000000 
0.332056 ,0.199105 
0.707197 ,0.151624 
0.991562 ,0.129694 
1.519757 ,0.105098 
5.204234 ,0.057172 

0.000000 ,0.000000 
0.323513 ,0.212729 
0.704638 ,0.163093 
0.990216 ,0.139607 
1.519175 ,0.113168 
5.204184 ,0.061570 

0.000000 ,0.000000 
0.314411 ,0.225986 
0.701891 ,0.174519 
0.988771 ,0.149507 
1.518551 ,0.121234 
5.204130 ,0.065967 

0.000001 ,0.000000 
0.304769 ,0.238853 
0.698960 ,0.185898 
0.987228 ,0.159392 
1.517884 ,0.129298 
5.204073 ,0.070365 

0.000001 ,0.000000 
0.294601 ,0.251309 
0.695843 ,0.197228 
0.985585 ,0.169260 
1.517174 ,0.137358 
5.204012 ,0.074762 

0.000001 ,0.000000 
0.283926 ,0.263333 
0.692543 ,0.208507 
0.983844 ,0.179112 
1.516421 ,0.145413 
5.203947 ,0.079160 

0.000001 ,0.000000 
0.272762 ,0.274903 
0.689060 ,0.219730 
0.982005 ,0.188946 
1.515626 ,0.153465 
5.203879 ,0.083557 

0.000001 ,0.000000 
0.261129 ,0.285999 
0.685395 ,0.230895 
0.980067 ,0.198761 
1.514787 ,0.161513 
5.203807 ,0.087954 

0.000001 ,0.000000 
0.249046 ,0.296604 
0.681548 ,0.241999 
0.978031 ,0.208556 
1.513905 ,0.169555 
5.203731 ,0.092352 

0.000001 ,0.000000 
0.236534 ,0.306697 
0.677521 ,0.253039 
0.975898 ,0.218330 
1.512981 ,0.177593 
5.203652 ,0.096749 

0.000001 ,0.000000 
0.223615 ,0.316263 
0.673315 ,0.264012 
0.973667 ,0.228083 
1.512014 ,0.185626 
5.203569 ,0.101146 

0.000001 ,0.000000 
0.210311 ,0.325285 
0.668932 ,0.274915 
0.971339 ,0.237812 
1.511004 ,0.193654 
5.203482 ,0.105543 

0.000001 ,0.000000 
0.196646 ,0.333746 
0.664371 ,0.285746 
0.968913 ,0.247518 
1.509952 ,0.201676 
5.203392 ,0.109940 

0.000001 ,0.000000 
0.182642 ,0.341634 
0.659635 ,0.296501 
0.966391 ,0.257199 
1.508856 ,0.209693 
5.203298 ,0.114337 

0.000002 ,0.000000 
0.168324 ,0.348934 
0.654724 ,0.307178 
0.963772 ,0.266854 
1.507718 ,0.217704 
5.203200 ,0.118734 

0.000002 ,0.000000 
0.153717 ,0.355634 
0.649640 ,0.317773 
0.961057 ,0.276483 
1.506538 ,0.225708 
5.203098 ,0.123130 

0.000002 ,0.000000 
0.138845 ,0.361723 
0.644385 ,0.328284 
0.958245 ,0.286084 
1.505314 ,0.233706 
5.202993 ,0.127527 

0.000002 ,0.000000 
0.123734 ,0.367189 
0.638959 ,0.338709 
0.955338 ,0.295656 
1.504049 ,0.241698 
5.202884 ,0.131924 

0.000002 ,0.000000 
0.108411 ,0.372024 
0.633364 ,0.349044 
0.952335 ,0.305199 
1.502740 ,0.249682 
5.202772 ,0.136320 

0.000002 ,0.000000 
0.092902 ,0.376220 
0.627602 ,0.359287 
0.949237 ,0.314712 
1.501389 ,0.257660 
5.202655 ,0.140717 

0.000002 ,0.000000 
0.077233 ,0.379770 
0.621674 ,0.369435 
0.946045 ,0.324192 
1.499996 ,0.265630 
5.202535 ,0.145113 

0.000003 ,0.000000 
0.061431 ,0.382667 
0.615581 ,0.379485 
0.942757 ,0.333641 
1.498560 ,0.273593 
5.202412 ,0.149509 

0.000003 ,0.000000 
0.045523 ,0.384906 
0.609326 ,0.389435 
0.939375 ,0.343056 
1.497082 ,0.281548 
5.202284 ,0.153905 

0.000003 ,0.000000 
0.029538 ,0.386485 
0.602909 ,0.399282 
0.935900 ,0.352437 
1.495562 ,0.289495 
5.202153 ,0.158301 

0.000003 ,0.000000 
0.013502 ,0.387400 
0.596333 ,0.409023 
0.932331 ,0.361782 
1.493999 ,0.297434 
5.202019 ,0.162697 

0.000003 ,0.000000 
-0.002558 ,0.387650 
0.589600 ,0.418656 
0.928668 ,0.371092 
1.492394 ,0.305364 
5.201880 ,0.167093 

0.000003 ,0.000000 
-0.018613 ,0.387234 
0.582710 ,0.428178 
0.924913 ,0.380364 
1.490746 ,0.313286 
5.201738 ,0.171488 

0.000003 ,0.000000 
-0.034636 ,0.386154 
0.575667 ,0.437587 
0.921065 ,0.389598 
1.489057 ,0.321199 
5.201592 ,0.175884 

0.000004 ,0.000000 
-0.050599 ,0.384411 
0.568471 ,0.446881 
0.917125 ,0.398794 
1.487325 ,0.329103 
5.201443 ,0.180279 

0.000004 ,0.000000 
-0.066476 ,0.382009 
0.561125 ,0.456056 
0.913094 ,0.407949 
1.485552 ,0.336998 
5.201290 ,0.184674 

0.000004 ,0.000000 
-0.082239 ,0.378951 
0.553630 ,0.465110 
0.908971 ,0.417064 
1.483736 ,0.344883 
5.201133 ,0.189069 

0.000004 ,0.000000 
-0.097860 ,0.375244 
0.545989 ,0.474042 
0.904757 ,0.426137 
1.481879 ,0.352758 
5.200972 ,0.193464 

0.000004 ,0.000000 
-0.113314 ,0.370893 
0.538203 ,0.482848 
0.900453 ,0.435167 
1.479979 ,0.360623 
5.200808 ,0.197859 

0.000005 ,0.000000 
-0.128574 ,0.365906 
0.530276 ,0.491526 
0.896059 ,0.444154 
1.478038 ,0.368478 
5.200640 ,0.202254 

0.000005 ,0.000000 
-0.143613 ,0.360292 
0.522207 ,0.500075 
0.891575 ,0.453096 
1.476054 ,0.376323 
5.200468 ,0.206648 

0.000005 ,0.000000 
-0.158406 ,0.354061 
0.514001 ,0.508491 
0.887003 ,0.461993 
1.474029 ,0.384157 
5.200293 ,0.211043 

0.000005 ,0.000000 
-0.172928 ,0.347223 
0.505659 ,0.516772 
0.882341 ,0.470844 
1.471963 ,0.391980 
5.200114 ,0.215437 

0.000005 ,0.000000 
-0.187153 ,0.339790 
0.497183 ,0.524917 
0.877591 ,0.479648 
1.469854 ,0.399792 
5.199931 ,0.219831 

0.000006 ,0.000000 
-0.201058 ,0.331775 
0.488575 ,0.532923 
0.872754 ,0.488404 
1.467705 ,0.407593 
5.199745 ,0.224225 

0.000006 ,0.000000 
-0.214618 ,0.323191 
0.479838 ,0.540788 
0.867829 ,0.497111 
1.465513 ,0.415382 
5.199555 ,0.228619 

0.000006 ,0.000000 
-0.227811 ,0.314054 
0.470975 ,0.548509 
0.862818 ,0.505769 
1.463280 ,0.423160 
5.199361 ,0.233013 

0.000006 ,0.000000 
-0.240613 ,0.304380 
0.461986 ,0.556086 
0.857720 ,0.514376 
1.461006 ,0.430925 
5.199164 ,0.237406 

0.000007 ,0.000000 
-0.253004 ,0.294184 
0.452875 ,0.563515 
0.852537 ,0.522931 
1.458690 ,0.438679 
5.198963 ,0.241799 

0.000007 ,0.000000 
-0.264962 ,0.283485 
0.443645 ,0.570796 
0.847268 ,0.531434 
1.456333 ,0.446419 
5.198758 ,0.246192 

0.000007 ,0.000001 
-0.276466 ,0.272301 
0.434297 ,0.577925 
0.841915 ,0.539884 
1.453935 ,0.454148 
5.198549 ,0.250585 

0.000007 ,0.000001 
-0.287497 ,0.260650 
0.424834 ,0.584901 
0.836477 ,0.548280 
1.451496 ,0.461863 
5.198337 ,0.254978 

0.000008 ,0.000001 
-0.298036 ,0.248554 
0.415258 ,0.591722 
0.830956 ,0.556622 
1.449016 ,0.469565 
5.198121 ,0.259371 

0.000008 ,0.000001 
-0.308065 ,0.236032 
0.405573 ,0.598387 
0.825352 ,0.564907 
1.446495 ,0.477254 
5.197902 ,0.263763 

0.000008 ,0.000001 
-0.317567 ,0.223107 
0.395780 ,0.604893 
0.819666 ,0.573136 
1.443932 ,0.484930 
5.197678 ,0.268155 

0.000008 ,0.000001 
-0.326526 ,0.209800 
0.385883 ,0.611240 
0.813897 ,0.581308 
1.441329 ,0.492592 
5.197451 ,0.272547 

0.000009 ,0.000001 
-0.334926 ,0.196134 
0.375883 ,0.617424 
0.808047 ,0.589422 
1.438686 ,0.500240 
5.197221 ,0.276939 

0.000009 ,0.000001 
-0.342754 ,0.182132 
0.365784 ,0.623445 
0.802117 ,0.597477 
1.436001 ,0.507873 
5.196987 ,0.281331 

0.000009 ,0.000001 
-0.349995 ,0.167820 
0.355588 ,0.629301 
0.796106 ,0.605472 
1.433276 ,0.515493 
5.196749 ,0.285722 

0.000009 ,0.000001 
-0.356638 ,0.153220 
0.345298 ,0.634990 
0.790015 ,0.613407 
1.430510 ,0.523098 
5.196507 ,0.290114 

0.000010 ,0.000001 
-0.362671 ,0.138358 
0.334916 ,0.640511 
0.783846 ,0.621280 
1.427704 ,0.530687 
5.196261 ,0.294505 

0.000010 ,0.000001 
-0.368084 ,0.123260 
0.324446 ,0.645862 
0.777599 ,0.629091 
1.424857 ,0.538262 
5.196012 ,0.298895 

0.000010 ,0.000001 
-0.372868 ,0.107951 
0.313890 ,0.651042 
0.771273 ,0.636840 
1.421970 ,0.545822 
5.195760 ,0.303286 

0.000011 ,0.000001 
-0.377015 ,0.092458 
0.303251 ,0.656050 
0.764871 ,0.644524 
1.419043 ,0.553366 
5.195503 ,0.307676 

0.000011 ,0.000001 
-0.380516 ,0.076806 
0.292531 ,0.660884 
0.758392 ,0.652145 
1.416076 ,0.560895 
5.195243 ,0.312067 

0.000011 ,0.000001 
-0.383368 ,0.061023 
0.281734 ,0.665543 
0.751837 ,0.659700 
1.413069 ,0.568408 
5.194979 ,0.316456 

0.000011 ,0.000001 
-0.385564 ,0.045136 
0.270862 ,0.670026 
0.745207 ,0.667189 
1.410021 ,0.575904 
5.194712 ,0.320846 

0.000012 ,0.000001 
-0.387101 ,0.029172 
0.259919 ,0.674331 
0.738503 ,0.674612 
1.406934 ,0.583385 
5.194441 ,0.325236 

0.000012 ,0.000001 
-0.387976 ,0.013158 
0.248906 ,0.678458 
0.731725 ,0.681967 
1.403807 ,0.590849 
5.194166 ,0.329625 

0.000012 ,0.000001 
-0.388188 ,-0.002879 
0.237828 ,0.682404 
0.724874 ,0.689254 
1.400640 ,0.598296 
5.193887 ,0.334014 

0.000013 ,0.000001 
-0.387737 ,-0.018911 
0.226687 ,0.686170 
0.717950 ,0.696472 
1.397434 ,0.605726 
5.193605 ,0.338403 

0.000013 ,0.000001 
-0.386623 ,-0.034910 
0.215485 ,0.689755 
0.710955 ,0.703620 
1.394188 ,0.613139 
5.193319 ,0.342791 

0.000013 ,0.000001 
-0.384848 ,-0.050850 
0.204227 ,0.693156 
0.703889 ,0.710699 
1.390902 ,0.620534 
5.193030 ,0.347180 

0.000014 ,0.000001 
-0.382415 ,-0.066703 
0.192914 ,0.696374 
0.696752 ,0.717706 
1.387577 ,0.627913 
5.192736 ,0.351568 

0.000014 ,0.000001 
-0.379329 ,-0.082441 
0.181551 ,0.699407 
0.689546 ,0.724641 
1.384213 ,0.635273 
5.192439 ,0.355956 

0.000014 ,0.000001 
-0.375594 ,-0.098039 
0.170139 ,0.702254 
0.682271 ,0.731504 
1.380810 ,0.642615 
5.192139 ,0.360343 

0.000015 ,0.000001 
-0.371217 ,-0.113470 
0.158682 ,0.704916 
0.674927 ,0.738294 
1.377368 ,0.649939 
5.191834 ,0.364730 

0.000015 ,0.000002 
-0.366205 ,-0.128706 
0.147183 ,0.707390 
0.667517 ,0.745011 
1.373886 ,0.657245 
5.191526 ,0.369118 

0.000015 ,0.000002 
-0.360568 ,-0.143722 
0.135645 ,0.709678 
0.660039 ,0.751652 
1.370366 ,0.664532 
5.191215 ,0.373504 

0.000016 ,0.000002 
-0.354313 ,-0.158493 
0.124071 ,0.711777 
0.652496 ,0.758219 
1.366807 ,0.671801 
5.190899 ,0.377891 

0.000016 ,0.000002 
-0.347453 ,-0.172992 
0.112464 ,0.713687 
0.644887 ,0.764710 
1.363209 ,0.679050 
5.190580 ,0.382277 

0.000016 ,0.000002 
-0.339999 ,-0.187196 
0.100828 ,0.715408 
0.637214 ,0.771125 
1.359573 ,0.686280 
5.190257 ,0.386663 

0.000017 ,0.000002 
-0.331963 ,-0.201079 
0.089164 ,0.716939 
0.629477 ,0.777462 
1.355898 ,0.693491 
5.189931 ,0.391049 

0.000017 ,0.000002 
-0.323360 ,-0.214619 
0.077477 ,0.718280 
0.621678 ,0.783722 
1.352185 ,0.700682 
5.189601 ,0.395434 

0.000018 ,0.000002 
-0.314203 ,-0.227791 
0.065770 ,0.719431 
0.613816 ,0.789903 
1.348434 ,0.707853 
5.189267 ,0.399819 

0.000018 ,0.000002 
-0.304509 ,-0.240574 
0.054045 ,0.720391 
0.605893 ,0.796006 
1.344644 ,0.715004 
5.188930 ,0.404204 

0.000018 ,0.000002 
-0.294294 ,-0.252946 
0.042306 ,0.721160 
0.597910 ,0.802029 
1.340817 ,0.722135 
5.188589 ,0.408589 

0.000019 ,0.000002 
-0.283575 ,-0.264884 
0.030555 ,0.721737 
0.589867 ,0.807972 
1.336951 ,0.729245 
5.188244 ,0.412973 

0.000019 ,0.000002 
-0.272371 ,-0.276369 
0.018796 ,0.722123 
0.581765 ,0.813835 
1.333048 ,0.736335 
5.187895 ,0.417357 

0.000019 ,0.000002 
-0.260700 ,-0.287381 
0.007033 ,0.722318 
0.573604 ,0.819616 
1.329106 ,0.743404 
5.187543 ,0.421741 

0.000020 ,0.000002 
-0.248584 ,-0.297902 
-0.004733 ,0.722320 
0.565387 ,0.825315 
1.325128 ,0.750452 
5.187187 ,0.426124 

0.000020 ,0.000002 
-0.236042 ,-0.307912 
-0.016497 ,0.722132 
0.557113 ,0.830931 
1.321111 ,0.757479 
5.186828 ,0.430507 

0.000021 ,0.000002 
-0.223096 ,-0.317395 
-0.028257 ,0.721751 
0.548783 ,0.836465 
1.317058 ,0.764484 
5.186464 ,0.434890 

0.000021 ,0.000002 
-0.209767 ,-0.326335 
-0.040009 ,0.721179 
0.540399 ,0.841915 
1.312967 ,0.771468 
5.186098 ,0.439273 

0.000021 ,0.000002 
-0.196080 ,-0.334715 
-0.051750 ,0.720416 
0.531961 ,0.847281 
1.308838 ,0.778429 
5.185727 ,0.443655 

0.000022 ,0.000003 
-0.182056 ,-0.342523 
-0.063478 ,0.719461 
0.523469 ,0.852563 
1.304673 ,0.785369 
5.185353 ,0.448037 

0.000022 ,0.000003 
-0.167721 ,-0.349743 
-0.075189 ,0.718316 
0.514925 ,0.857759 
1.300471 ,0.792286 
5.184975 ,0.452418 

0.000023 ,0.000003 
-0.153098 ,-0.356365 
-0.086880 ,0.716980 
0.506330 ,0.862870 
1.296232 ,0.799181 
5.184593 ,0.456799 

0.000023 ,0.000003 
-0.138212 ,-0.362375 
-0.098548 ,0.715453 
0.497684 ,0.867894 
1.291956 ,0.806054 
5.184208 ,0.461180 

0.000024 ,0.000003 
-0.123090 ,-0.367765 
-0.110190 ,0.713737 
0.488989 ,0.872832 
1.287644 ,0.812903 
5.183819 ,0.465561 

0.000024 ,0.000003 
-0.107757 ,-0.372524 
-0.121803 ,0.711831 
0.480245 ,0.877683 
1.283295 ,0.819730 
5.183426 ,0.469941 

0.000024 ,0.000003 
-0.092239 ,-0.376644 
-0.133383 ,0.709736 
0.471452 ,0.882446 
1.278910 ,0.826533 
5.183030 ,0.474321 

0.000025 ,0.000003 
-0.076562 ,-0.380119 
-0.144928 ,0.707452 
0.462613 ,0.887120 
1.274489 ,0.833313 
5.182630 ,0.478701 

0.000025 ,0.000003 
-0.060755 ,-0.382941 
-0.156434 ,0.704981 
0.453728 ,0.891707 
1.270031 ,0.840069 
5.182226 ,0.483080 

0.000026 ,0.000003 
-0.044843 ,-0.385106 
-0.167899 ,0.702323 
0.444797 ,0.896204 
1.265538 ,0.846802 
5.181819 ,0.487459 

0.000026 ,0.000003 
-0.028854 ,-0.386611 
-0.179319 ,0.699478 
0.435822 ,0.900612 
1.261009 ,0.853510 
5.181408 ,0.491837 

0.000027 ,0.000003 
-0.012815 ,-0.387452 
-0.190691 ,0.696447 
0.426803 ,0.904930 
1.256444 ,0.860195 
5.180993 ,0.496216 

0.000027 ,0.000003 
0.003245 ,-0.387629 
-0.202013 ,0.693232 
0.417742 ,0.909157 
1.251843 ,0.866855 
5.180575 ,0.500593 

0.000027 ,0.000003 
0.019300 ,-0.387139 
-0.213281 ,0.689832 
0.408639 ,0.913294 
1.247207 ,0.873490 
5.180153 ,0.504971 

0.000028 ,0.000004 
0.035322 ,-0.385985 
-0.224493 ,0.686249 
0.399495 ,0.917339 
1.242536 ,0.880101 
5.179727 ,0.509348 

0.000028 ,0.000004 
0.051283 ,-0.384168 
-0.235645 ,0.682483 
0.390311 ,0.921293 
1.237830 ,0.886686 
5.179298 ,0.513725 

0.000029 ,0.000004 
0.067157 ,-0.381692 
-0.246734 ,0.678537 
0.381088 ,0.925155 
1.233088 ,0.893247 
5.178865 ,0.518101 

0.000029 ,0.000004 
0.082915 ,-0.378559 
-0.257758 ,0.674410 
0.371828 ,0.928925 
1.228312 ,0.899782 
5.178428 ,0.522477 

0.000030 ,0.000004 
0.098530 ,-0.374776 
-0.268713 ,0.670103 
0.362530 ,0.932602 
1.223500 ,0.906292 
5.177988 ,0.526853 

0.000030 ,0.000004 
0.113977 ,-0.370349 
-0.279597 ,0.665619 
0.353196 ,0.936185 
1.218654 ,0.912776 
5.177543 ,0.531228 

0.000031 ,0.000004 
0.129227 ,-0.365286 
-0.290406 ,0.660958 
0.343827 ,0.939676 
1.213774 ,0.919235 
5.177096 ,0.535603 

0.000031 ,0.000004 
0.144255 ,-0.359594 
-0.301138 ,0.656121 
0.334423 ,0.943072 
1.208859 ,0.925667 
5.176644 ,0.539978 

0.000032 ,0.000004 
0.159036 ,-0.353284 
-0.311791 ,0.651110 
0.324986 ,0.946375 
1.203910 ,0.932073 
5.176189 ,0.544352 

0.000032 ,0.000004 
0.173543 ,-0.346367 
-0.322360 ,0.645926 
0.315517 ,0.949582 
1.198927 ,0.938452 
5.175730 ,0.548726 

0.000033 ,0.000004 
0.187751 ,-0.338854 
-0.332844 ,0.640570 
0.306016 ,0.952696 
1.193910 ,0.944805 
5.175268 ,0.553099 

0.000033 ,0.000004 
0.201637 ,-0.330758 
-0.343239 ,0.635044 
0.296485 ,0.955714 
1.188859 ,0.951132 
5.174802 ,0.557472 

0.000034 ,0.000005 
0.215176 ,-0.322093 
-0.353543 ,0.629349 
0.286924 ,0.958636 
1.183774 ,0.957431 
5.174332 ,0.561845 

0.000034 ,0.000005 
0.228344 ,-0.312873 
-0.363753 ,0.623487 
0.277334 ,0.961463 
1.178656 ,0.963703 
5.173859 ,0.566217 

0.000035 ,0.000005 
0.241120 ,-0.303116 
-0.373866 ,0.617459 
0.267717 ,0.964194 
1.173504 ,0.969948 
5.173381 ,0.570589 

0.000035 ,0.000005 
0.253480 ,-0.292836 
-0.383879 ,0.611267 
0.258073 ,0.966829 
1.168320 ,0.976165 
5.172901 ,0.574960 

0.000036 ,0.000005 
0.265405 ,-0.282052 
-0.393791 ,0.604912 
0.248403 ,0.969367 
1.163102 ,0.982355 
5.172416 ,0.579331 

0.000036 ,0.000005 
0.276872 ,-0.270783 
-0.403598 ,0.598397 
0.238709 ,0.971809 
1.157851 ,0.988517 
5.171928 ,0.583701 

0.000037 ,0.000005 
0.287863 ,-0.259047 
-0.413298 ,0.591722 
0.228990 ,0.974153 
1.152567 ,0.994651 
5.171436 ,0.588072 

0.000037 ,0.000005 
0.298358 ,-0.246866 
-0.422887 ,0.584890 
0.219249 ,0.976401 
1.147251 ,1.000756 
5.170941 ,0.592441 

0.000038 ,0.000005 
0.308339 ,-0.234259 
-0.432365 ,0.577902 
0.209486 ,0.978550 
1.141902 ,1.006834 
5.170442 ,0.596811 

0.000038 ,0.000005 
0.317789 ,-0.221248 
-0.441727 ,0.570761 
0.199702 ,0.980603 
1.136521 ,1.012882 
5.169939 ,0.601180 

0.000039 ,0.000006 
0.326692 ,-0.207856 
-0.450972 ,0.563468 
0.189898 ,0.982557 
1.131107 ,1.018902 
5.169432 ,0.605548 

0.000039 ,0.000006 
0.335032 ,-0.194107 
-0.460096 ,0.556025 
0.180076 ,0.984413 
1.125662 ,1.024893 
5.168922 ,0.609916 

0.000040 ,0.000006 
0.342795 ,-0.180022 
-0.469099 ,0.548434 
0.170235 ,0.986172 
1.120184 ,1.030856 
5.168408 ,0.614284 

0.000041 ,0.000006 
0.349967 ,-0.165628 
-0.477976 ,0.540698 
0.160377 ,0.987831 
1.114675 ,1.036788 
5.167891 ,0.618651 

0.000041 ,0.000006 
0.356536 ,-0.150948 
-0.486727 ,0.532817 
0.150503 ,0.989393 
1.109135 ,1.042692 
5.167370 ,0.623018 

0.000042 ,0.000006 
0.362491 ,-0.136008 
-0.495347 ,0.524795 
0.140615 ,0.990855 
1.103562 ,1.048566 
5.166845 ,0.627384 

0.000042 ,0.000006 
0.367821 ,-0.120834 
-0.503836 ,0.516633 
0.130712 ,0.992219 
1.097959 ,1.054410 
5.166317 ,0.631750 

0.000043 ,0.000006 
0.372517 ,-0.105451 
-0.512191 ,0.508333 
0.120796 ,0.993483 
1.092324 ,1.060224 
5.165784 ,0.636115 

0.000043 ,0.000006 
0.376571 ,-0.089886 
-0.520410 ,0.499899 
0.110868 ,0.994649 
1.086659 ,1.066009 
5.165249 ,0.640480 

0.000044 ,0.000006 
0.379976 ,-0.074167 
-0.528490 ,0.491331 
0.100929 ,0.995715 
1.080963 ,1.071763 
5.164709 ,0.644845 

0.000044 ,0.000007 
0.382727 ,-0.058319 
-0.536430 ,0.482632 
0.090980 ,0.996682 
1.075236 ,1.077486 
5.164166 ,0.649209 

0.000045 ,0.000007 
0.384817 ,-0.042371 
-0.544227 ,0.473805 
0.081022 ,0.997550 
1.069478 ,1.083179 
5.163619 ,0.653572 

0.000046 ,0.000007 
0.386244 ,-0.026350 
-0.551878 ,0.464853 
0.071056 ,0.998318 
1.063690 ,1.088842 
5.163069 ,0.657935 

0.000046 ,0.000007 
0.387005 ,-0.010284 
-0.559384 ,0.455776 
0.061083 ,0.998986 
1.057872 ,1.094473 
5.162515 ,0.662298 

0.000047 ,0.000007 
0.387099 ,0.005800 
-0.566740 ,0.446578 
0.051104 ,0.999555 
1.052025 ,1.100074 
5.161957 ,0.666660 

0.000047 ,0.000007 
0.386526 ,0.021875 
-0.573945 ,0.437261 
0.041119 ,1.000024 
1.046147 ,1.105643 
5.161396 ,0.671022 

0.000048 ,0.000007 
0.385286 ,0.037911 
-0.580997 ,0.427828 
0.031131 ,1.000393 
1.040239 ,1.111181 
5.160831 ,0.675383 

0.000049 ,0.000007 
0.383383 ,0.053882 
-0.587895 ,0.418281 
0.021139 ,1.000663 
1.034303 ,1.116687 
5.160262 ,0.679744 

0.000049 ,0.000007 
0.380818 ,0.069761 
-0.594636 ,0.408622 
0.011146 ,1.000832 
1.028336 ,1.122162 
5.159689 ,0.684104 

0.000050 ,0.000008 
0.377597 ,0.085519 
-0.601219 ,0.398855 
0.001151 ,1.000902 
1.022341 ,1.127605 
5.159113 ,0.688464 

0.000050 ,0.000008 
0.373725 ,0.101129 
-0.607642 ,0.388981 
-0.008844 ,1.000873 
1.016317 ,1.133016 
5.158534 ,0.692823 

0.000051 ,0.000008 
0.369209 ,0.116566 
-0.613903 ,0.379004 
-0.018838 ,1.000743 
1.010263 ,1.138394 
5.157950 ,0.697182 

0.000052 ,0.000008 
0.364057 ,0.131801 
-0.620001 ,0.368927 
-0.028830 ,1.000513 
1.004182 ,1.143741 
5.157363 ,0.701540 

0.000052 ,0.000008 
0.358278 ,0.146809 
-0.625934 ,0.358750 
-0.038819 ,1.000184 
0.998071 ,1.149055 
5.156772 ,0.705898 

0.000053 ,0.000008 
0.351881 ,0.161565 
-0.631699 ,0.348479 
-0.048804 ,0.999755 
0.991933 ,1.154336 
5.156178 ,0.710255 

0.000053 ,0.000008 
0.344877 ,0.176041 
-0.637297 ,0.338114 
-0.058785 ,0.999226 
0.985766 ,1.159585 
5.155580 ,0.714612 

0.000054 ,0.000008 
0.337280 ,0.190215 
-0.642725 ,0.327660 
-0.068759 ,0.998598 
0.979571 ,1.164801 
5.154978 ,0.718968 

0.000055 ,0.000009 
0.329101 ,0.204061 
-0.647982 ,0.317118 
-0.078727 ,0.997870 
0.973349 ,1.169984 
5.154373 ,0.723324 

0.000055 ,0.000009 
0.320356 ,0.217555 
-0.653066 ,0.306492 
-0.088687 ,0.997043 
0.967099 ,1.175133 
5.153764 ,0.727679 

0.000056 ,0.000009 
0.311059 ,0.230674 
-0.657976 ,0.295784 
-0.098638 ,0.996116 
0.960821 ,1.180249 
5.153151 ,0.732034 

0.000057 ,0.000009 
0.301226 ,0.243396 
-0.662711 ,0.284998 
-0.108579 ,0.995090 
0.954516 ,1.185332 
5.152535 ,0.736388 

0.000057 ,0.000009 
0.290874 ,0.255699 
-0.667270 ,0.274136 
-0.118509 ,0.993964 
0.948184 ,1.190381 
5.151915 ,0.740742 

0.000058 ,0.000009 
0.280022 ,0.267562 
-0.671651 ,0.263200 
-0.128428 ,0.992740 
0.941826 ,1.195397 
5.151292 ,0.745095 

0.000058 ,0.000009 
0.268687 ,0.278964 
-0.675853 ,0.252195 
-0.138333 ,0.991417 
0.935440 ,1.200378 
5.150664 ,0.749448 

0.000059 ,0.000010 
0.256890 ,0.289885 
-0.679875 ,0.241122 
-0.148225 ,0.989994 
0.929028 ,1.205325 
5.150033 ,0.753800 

0.000060 ,0.000010 
0.244651 ,0.300308 
-0.683715 ,0.229985 
-0.158102 ,0.988473 
0.922590 ,1.210239 
5.149399 ,0.758152 

0.000060 ,0.000010 
0.231991 ,0.310214 
-0.687374 ,0.218787 
-0.167964 ,0.986854 
0.916125 ,1.215117 
5.148761 ,0.762503 

0.000061 ,0.000010 
0.218931 ,0.319585 
-0.690850 ,0.207531 
-0.177808 ,0.985136 
0.909635 ,1.219962 
5.148119 ,0.766853 

0.000062 ,0.000010 
0.205495 ,0.328407 
-0.694141 ,0.196219 
-0.187635 ,0.983320 
0.903119 ,1.224771 
5.147473 ,0.771203 

0.000062 ,0.000010 
0.191706 ,0.336664 
-0.697248 ,0.184855 
-0.197443 ,0.981406 
0.896577 ,1.229546 
5.146824 ,0.775553 

0.000063 ,0.000010 
0.177587 ,0.344342 
-0.700169 ,0.173442 
-0.207232 ,0.979394 
0.890009 ,1.234286 
5.146171 ,0.779902 

0.000064 ,0.000011 
0.163163 ,0.351428 
-0.702903 ,0.161982 
-0.216999 ,0.977284 
0.883417 ,1.238991 
5.145515 ,0.784250 

0.000064 ,0.000011 
0.148458 ,0.357909 
-0.705450 ,0.150480 
-0.226746 ,0.975077 
0.876799 ,1.243661 
5.144855 ,0.788598 

0.000065 ,0.000011 
0.133498 ,0.363775 
-0.707809 ,0.138937 
-0.236469 ,0.972773 
0.870156 ,1.248296 
5.144191 ,0.792945 

0.000066 ,0.000011 
0.118308 ,0.369015 
-0.709980 ,0.127358 
-0.246169 ,0.970372 
0.863489 ,1.252895 
5.143524 ,0.797292 

0.000066 ,0.000011 
0.102916 ,0.373621 
-0.711961 ,0.115744 
-0.255844 ,0.967874 
0.856797 ,1.257459 
5.142853 ,0.801638 

0.000067 ,0.000011 
0.087346 ,0.377585 
-0.713753 ,0.104100 
-0.265494 ,0.965280 
0.850081 ,1.261986 
5.142178 ,0.805983 

0.000068 ,0.000011 
0.071627 ,0.380901 
-0.715355 ,0.092428 
-0.275118 ,0.962590 
0.843341 ,1.266478 
5.141500 ,0.810328 

0.000068 ,0.000012 
0.055784 ,0.383562 
-0.716766 ,0.080731 
-0.284714 ,0.959803 
0.836577 ,1.270935 
5.140818 ,0.814672 

0.000069 ,0.000012 
0.039847 ,0.385564 
-0.717986 ,0.069013 
-0.294281 ,0.956921 
0.829789 ,1.275355 
5.140132 ,0.819016 

0.000070 ,0.000012 
0.023840 ,0.386904 
-0.719014 ,0.057276 
-0.303819 ,0.953944 
0.822977 ,1.279738 
5.139443 ,0.823359 

0.000071 ,0.000012 
0.007793 ,0.387580 
-0.719852 ,0.045524 
-0.313327 ,0.950871 
0.816142 ,1.284086 
5.138750 ,0.827702 

0.000071 ,0.000012 
-0.008267 ,0.387591 
-0.720497 ,0.033760 
-0.322804 ,0.947704 
0.809284 ,1.288397 
5.138053 ,0.832044 

0.000072 ,0.000012 
-0.024313 ,0.386936 
-0.720950 ,0.021987 
-0.332249 ,0.944442 
0.802403 ,1.292671 
5.137353 ,0.836386 

0.000073 ,0.000012 
-0.040317 ,0.385617 
-0.721212 ,0.010208 
-0.341660 ,0.941087 
0.795500 ,1.296909 
5.136649 ,0.840726 

0.000073 ,0.000013 
-0.056252 ,0.383637 
-0.721281 ,-0.001573 
-0.351038 ,0.937637 
0.788573 ,1.301110 
5.135942 ,0.845067 

0.000074 ,0.000013 
-0.072091 ,0.380998 
-0.721158 ,-0.013354 
-0.360380 ,0.934094 
0.781625 ,1.305274 
5.135230 ,0.849406 

0.000075 ,0.000013 
-0.087805 ,0.377707 
-0.720843 ,-0.025132 
-0.369687 ,0.930458 
0.774654 ,1.309400 
5.134516 ,0.853745 

0.000075 ,0.000013 
-0.103369 ,0.373767 
-0.720335 ,-0.036903 
-0.378956 ,0.926729 
0.767661 ,1.313490 
5.133797 ,0.858084 

0.000076 ,0.000013 
-0.118755 ,0.369187 
-0.719636 ,-0.048664 
-0.388188 ,0.922908 
0.760646 ,1.317542 
5.133075 ,0.862422 

0.000077 ,0.000013 
-0.133938 ,0.363973 
-0.718745 ,-0.060412 
-0.397381 ,0.918995 
0.753610 ,1.321557 
5.132349 ,0.866759 

0.000078 ,0.000014 
-0.148891 ,0.358136 
-0.717663 ,-0.072144 
-0.406535 ,0.914991 
0.746552 ,1.325535 
5.131620 ,0.871096 

0.000078 ,0.000014 
-0.163589 ,0.351685 
-0.716389 ,-0.083856 
-0.415648 ,0.910895 
0.739473 ,1.329475 
5.130887 ,0.875432 

0.000079 ,0.000014 
-0.178006 ,0.344632 
-0.714925 ,-0.095547 
-0.424720 ,0.906709 
0.732373 ,1.333376 
5.130150 ,0.879767 

0.000080 ,0.000014 
-0.192118 ,0.336988 
-0.713270 ,-0.107212 
-0.433749 ,0.902432 
0.725253 ,1.337241 
5.129410 ,0.884102 

0.000081 ,0.000014 
-0.205901 ,0.328767 
-0.711425 ,-0.118848 
-0.442735 ,0.898065 
0.718111 ,1.341067 
5.128666 ,0.888436 

0.000081 ,0.000014 
-0.219331 ,0.319983 
-0.709390 ,-0.130453 
-0.451677 ,0.893609 
0.710950 ,1.344855 
5.127919 ,0.892769 

0.000082 ,0.000015 
-0.232386 ,0.310651 
-0.707167 ,-0.142023 
-0.460574 ,0.889064 
0.703768 ,1.348605 
5.127167 ,0.897102 

0.000083 ,0.000015 
-0.245042 ,0.300787 
-0.704755 ,-0.153555 
-0.469425 ,0.884430 
0.696566 ,1.352316 
5.126413 ,0.901434 

0.000084 ,0.000015 
-0.257279 ,0.290408 
-0.702155 ,-0.165046 
-0.478230 ,0.879708 
0.689344 ,1.355989 
5.125654 ,0.905766 

0.000084 ,0.000015 
-0.269075 ,0.279533 
-0.699368 ,-0.176493 
-0.486986 ,0.874899 
0.682103 ,1.359624 
5.124892 ,0.910097 

0.000085 ,0.000015 
-0.280411 ,0.268179 
-0.696395 ,-0.187893 
-0.495694 ,0.870003 
0.674843 ,1.363220 
5.124126 ,0.914427 

0.000086 ,0.000015 
-0.291266 ,0.256365 
-0.693236 ,-0.199244 
-0.504353 ,0.865019 
0.667563 ,1.366777 
5.123357 ,0.918757 

0.000087 ,0.000016 
-0.301624 ,0.244114 
-0.689893 ,-0.210541 
-0.512962 ,0.859950 
0.660264 ,1.370295 
5.122584 ,0.923086 

0.000087 ,0.000016 
-0.311464 ,0.231445 
-0.686366 ,-0.221782 
-0.521519 ,0.854795 
0.652947 ,1.373774 
5.121807 ,0.927414 

0.000088 ,0.000016 
-0.320772 ,0.218379 
-0.682656 ,-0.232964 
-0.530025 ,0.849555 
0.645611 ,1.377215 
5.121027 ,0.931742 

0.000089 ,0.000016 
-0.329532 ,0.204941 
-0.678764 ,-0.244083 
-0.538478 ,0.844230 
0.638256 ,1.380616 
5.120243 ,0.936069 

0.000090 ,0.000016 
-0.337727 ,0.191152 
-0.674691 ,-0.255138 
-0.546877 ,0.838821 
0.630884 ,1.383978 
5.119456 ,0.940395 

0.000090 ,0.000016 
-0.345345 ,0.177036 
-0.670439 ,-0.266125 
-0.555221 ,0.833329 
0.623493 ,1.387301 
5.118665 ,0.944721 

0.000091 ,0.000017 
-0.352372 ,0.162617 
-0.666008 ,-0.277041 
-0.563511 ,0.827754 
0.616085 ,1.390584 
5.117870 ,0.949046 

0.000092 ,0.000017 
-0.358796 ,0.147920 
-0.661400 ,-0.287883 
-0.571744 ,0.822096 
0.608660 ,1.393827 
5.117071 ,0.953370 

0.000093 ,0.000017 
-0.364607 ,0.132971 
-0.656615 ,-0.298649 
-0.579920 ,0.816356 
0.601217 ,1.397031 
5.116269 ,0.957694 

0.000094 ,0.000017 
-0.369794 ,0.117794 
-0.651655 ,-0.309335 
-0.588038 ,0.810535 
0.593757 ,1.400196 
5.115464 ,0.962017 

0.000094 ,0.000017 
-0.374349 ,0.102415 
-0.646522 ,-0.319938 
-0.596098 ,0.804634 
0.586280 ,1.403320 
5.114654 ,0.966339 

0.000095 ,0.000018 
-0.378264 ,0.086862 
-0.641217 ,-0.330457 
-0.604099 ,0.798652 
0.578786 ,1.406405 
5.113842 ,0.970661 

0.000096 ,0.000018 
-0.381532 ,0.071160 
-0.635741 ,-0.340887 
-0.612039 ,0.792591 
0.571276 ,1.409450 
5.113025 ,0.974982 

0.000097 ,0.000018 
-0.384147 ,0.055337 
-0.630096 ,-0.351227 
-0.619919 ,0.786450 
0.563750 ,1.412454 
5.112205 ,0.979302 

0.000097 ,0.000018 
-0.386106 ,0.039419 
-0.624282 ,-0.361473 
-0.627736 ,0.780232 
0.556208 ,1.415419 
5.111381 ,0.983622 

0.000098 ,0.000018 
-0.387405 ,0.023434 
-0.618303 ,-0.371622 
-0.635491 ,0.773936 
0.548650 ,1.418343 
5.110554 ,0.987941 

0.000099 ,0.000018 
-0.388041 ,0.007408 
-0.612159 ,-0.381673 
-0.643183 ,0.767563 
0.541076 ,1.421227 
5.109723 ,0.992259 

0.000100 ,0.000019 
-0.388014 ,-0.008629 
-0.605852 ,-0.391622 
-0.650811 ,0.761113 
0.533487 ,1.424070 
5.108888 ,0.996576 

0.000101 ,0.000019 
-0.387324 ,-0.024653 
-0.599383 ,-0.401467 
-0.658374 ,0.754588 
0.525883 ,1.426873 
5.108050 ,1.000893 

0.000102 ,0.000019 
-0.385971 ,-0.040634 
-0.592755 ,-0.411205 
-0.665872 ,0.747987 
0.518263 ,1.429635 
5.107208 ,1.005209 

0.000102 ,0.000019 
-0.383959 ,-0.056545 
-0.585969 ,-0.420834 
-0.673303 ,0.741312 
0.510630 ,1.432357 
5.106362 ,1.009524 

0.000103 ,0.000019 
-0.381290 ,-0.072360 
-0.579027 ,-0.430350 
-0.680667 ,0.734563 
0.502981 ,1.435038 
5.105513 ,1.013839 

0.000104 ,0.000020 
-0.377969 ,-0.088051 
-0.571931 ,-0.439752 
-0.687963 ,0.727741 
0.495318 ,1.437678 
5.104660 ,1.018153 

0.000105 ,0.000020 
-0.374002 ,-0.103591 
-0.564683 ,-0.449037 
-0.695191 ,0.720847 
0.487642 ,1.440277 
5.103804 ,1.022466 

0.000106 ,0.000020 
-0.369395 ,-0.118955 
-0.557284 ,-0.458203 
-0.702350 ,0.713881 
0.479951 ,1.442835 
5.102944 ,1.026778 

0.000106 ,0.000020 
-0.364156 ,-0.134115 
-0.549737 ,-0.467246 
-0.709438 ,0.706844 
0.472247 ,1.445353 
5.102080 ,1.031090 

0.000107 ,0.000020 
-0.358295 ,-0.149045 
-0.542043 ,-0.476165 
-0.716457 ,0.699736 
0.464529 ,1.447829 
5.101213 ,1.035401 

0.000108 ,0.000021 
-0.351821 ,-0.163721 
-0.534206 ,-0.484957 
-0.723403 ,0.692559 
0.456798 ,1.450264 
5.100342 ,1.039711 

0.000109 ,0.000021 
-0.344745 ,-0.178117 
-0.526226 ,-0.493620 
-0.730278 ,0.685313 
0.449054 ,1.452657 
5.099468 ,1.044021 

0.000110 ,0.000021 
-0.337080 ,-0.192208 
-0.518105 ,-0.502152 
-0.737080 ,0.677998 
0.441297 ,1.455010 
5.098590 ,1.048330 

0.000111 ,0.000021 
-0.328838 ,-0.205971 
-0.509847 ,-0.510550 
-0.743809 ,0.670617 
0.433528 ,1.457321 
5.097708 ,1.052638 

0.000111 ,0.000021 
-0.320033 ,-0.219381 
-0.501454 ,-0.518812 
-0.750463 ,0.663168 
0.425747 ,1.459590 
5.096823 ,1.056945 

0.000112 ,0.000022 
-0.310681 ,-0.232416 
-0.492927 ,-0.526937 
-0.757043 ,0.655653 
0.417953 ,1.461818 
5.095934 ,1.061251 

0.000113 ,0.000022 
-0.300796 ,-0.245053 
-0.484268 ,-0.534921 
-0.763548 ,0.648074 
0.410147 ,1.464004 
5.095041 ,1.065557 

0.000114 ,0.000022 
-0.290397 ,-0.257271 
-0.475481 ,-0.542762 
-0.769976 ,0.640429 
0.402330 ,1.466149 
5.094145 ,1.069862 

0.000115 ,0.000022 
-0.279501 ,-0.269048 
-0.466567 ,-0.550459 
-0.776328 ,0.632721 
0.394501 ,1.468252 
5.093245 ,1.074167 

0.000116 ,0.000022 
-0.268127 ,-0.280366 
-0.457529 ,-0.558010 
-0.782603 ,0.624950 
0.386662 ,1.470313 
5.092342 ,1.078470 

0.000117 ,0.000023 
-0.256293 ,-0.291203 
-0.448369 ,-0.565413 
-0.788799 ,0.617117 
0.378811 ,1.472332 
5.091435 ,1.082773 

0.000117 ,0.000023 
-0.244021 ,-0.301542 
-0.439090 ,-0.572664 
-0.794917 ,0.609222 
0.370949 ,1.474310 
5.090524 ,1.087075 

0.000118 ,0.000023 
-0.231330 ,-0.311364 
-0.429695 ,-0.579764 
-0.800956 ,0.601267 
0.363077 ,1.476245 
5.089610 ,1.091376 

0.000119 ,0.000023 
-0.218243 ,-0.320653 
-0.420184 ,-0.586709 
-0.806916 ,0.593252 
0.355194 ,1.478139 
5.088692 ,1.095676 

0.000120 ,0.000023 
-0.204782 ,-0.329394 
-0.410562 ,-0.593499 
-0.812795 ,0.585178 
0.347302 ,1.479990 
5.087771 ,1.099976 

0.000121 ,0.000024 
-0.190971 ,-0.337569 
-0.400831 ,-0.600130 
-0.818593 ,0.577045 
0.339399 ,1.481799 
5.086846 ,1.104275 

0.000122 ,0.000024 
-0.176832 ,-0.345167 
-0.390993 ,-0.606602 
-0.824309 ,0.568856 
0.331487 ,1.483566 
5.085917 ,1.108573 

0.000123 ,0.000024 
-0.162389 ,-0.352173 
-0.381051 ,-0.612912 
-0.829944 ,0.560609 
0.323565 ,1.485291 
5.084985 ,1.112870 

0.000124 ,0.000024 
-0.147669 ,-0.358576 
-0.371008 ,-0.619060 
-0.835496 ,0.552307 
0.315634 ,1.486974 
5.084049 ,1.117167 

0.000124 ,0.000024 
-0.132695 ,-0.364364 
-0.360866 ,-0.625043 
-0.840965 ,0.543950 
0.307695 ,1.488614 
5.083109 ,1.121463 

0.000125 ,0.000025 
-0.117493 ,-0.369528 
-0.350628 ,-0.630859 
-0.846350 ,0.535538 
0.299746 ,1.490211 
5.082166 ,1.125757 

0.000126 ,0.000025 
-0.102090 ,-0.374058 
-0.340297 ,-0.636508 
-0.851651 ,0.527074 
0.291789 ,1.491767 
5.081220 ,1.130052 

0.000127 ,0.000025 
-0.086511 ,-0.377946 
-0.329875 ,-0.641988 
-0.856867 ,0.518557 
0.283824 ,1.493280 
5.080269 ,1.134345 

0.000128 ,0.000025 
-0.070784 ,-0.381187 
-0.319366 ,-0.647297 
-0.861998 ,0.509988 
0.275850 ,1.494750 
5.079315 ,1.138637 

0.000129 ,0.000025 
-0.054935 ,-0.383773 
-0.308772 ,-0.652434 
-0.867043 ,0.501369 
0.267869 ,1.496178 
5.078358 ,1.142929 

0.000130 ,0.000026 
-0.038992 ,-0.385701 
-0.298095 ,-0.657397 
-0.872001 ,0.492700 
0.259880 ,1.497563 
5.077397 ,1.147220 

0.000131 ,0.000026 
-0.022981 ,-0.386967 
-0.287339 ,-0.662186 
-0.876873 ,0.483981 
0.251884 ,1.498905 
5.076432 ,1.151510 

0.000132 ,0.000026 
-0.006931 ,-0.387569 
-0.276507 ,-0.666798 
-0.881658 ,0.475215 
0.243880 ,1.500205 
5.075464 ,1.155799 

0.000133 ,0.000026 
0.009131 ,-0.387506 
-0.265601 ,-0.671234 
-0.886355 ,0.466401 
0.235870 ,1.501462 
5.074492 ,1.160088 

0.000134 ,0.000026 
0.025178 ,-0.386777 
-0.254625 ,-0.675491 
-0.890964 ,0.457541 
0.227853 ,1.502677 
5.073517 ,1.164375 

0.000134 ,0.000027 
0.041182 ,-0.385384 
-0.243581 ,-0.679568 
-0.895484 ,0.448636 
0.219829 ,1.503848 
5.072537 ,1.168662 

0.000135 ,0.000027 
0.057115 ,-0.383329 
-0.232472 ,-0.683465 
-0.899915 ,0.439685 
0.211799 ,1.504977 
5.071555 ,1.172948 

0.000136 ,0.000027 
0.072950 ,-0.380616 
-0.221302 ,-0.687181 
-0.904256 ,0.430691 
0.203763 ,1.506063 
5.070569 ,1.177233 

0.000137 ,0.000027 
0.088661 ,-0.377249 
-0.210072 ,-0.690714 
-0.908508 ,0.421655 
0.195722 ,1.507106 
5.069579 ,1.181518 

0.000138 ,0.000027 
0.104219 ,-0.373233 
-0.198787 ,-0.694063 
-0.912669 ,0.412576 
0.187674 ,1.508106 
5.068585 ,1.185801 

0.000139 ,0.000028 
0.119598 ,-0.368576 
-0.187449 ,-0.697228 
-0.916739 ,0.403456 
0.179622 ,1.509063 
5.067588 ,1.190084 

0.000140 ,0.000028 
0.134772 ,-0.363286 
-0.176061 ,-0.700207 
-0.920718 ,0.394296 
0.171564 ,1.509977 
5.066588 ,1.194366 

0.000141 ,0.000028 
0.149715 ,-0.357370 
-0.164626 ,-0.703001 
-0.924605 ,0.385097 
0.163501 ,1.510847 
5.065583 ,1.198647 

0.000142 ,0.000028 
0.164400 ,-0.350841 
-0.153148 ,-0.705608 
-0.928401 ,0.375859 
0.155434 ,1.511675 
5.064575 ,1.202927 

0.000143 ,0.000028 
0.178803 ,-0.343707 
-0.141628 ,-0.708027 
-0.932104 ,0.366584 
0.147363 ,1.512460 
5.063564 ,1.207206 

0.000144 ,0.000029 
0.192898 ,-0.335983 
-0.130071 ,-0.710259 
-0.935714 ,0.357273 
0.139287 ,1.513202 
5.062549 ,1.211484 

0.000145 ,0.000029 
0.206662 ,-0.327680 
-0.118480 ,-0.712302 
-0.939231 ,0.347926 
0.131207 ,1.513901 
5.061530 ,1.215762 

0.000146 ,0.000029 
0.220071 ,-0.318814 
-0.106857 ,-0.714155 
-0.942655 ,0.338545 
0.123123 ,1.514556 
5.060508 ,1.220038 

0.000147 ,0.000029 
0.233101 ,-0.309399 
-0.095205 ,-0.715819 
-0.945985 ,0.329129 
0.115036 ,1.515168 
5.059482 ,1.224314 

0.000148 ,0.000030 
0.245730 ,-0.299451 
-0.083529 ,-0.717293 
-0.949221 ,0.319681 
0.106946 ,1.515737 
5.058453 ,1.228589 

0.000149 ,0.000030 
0.257937 ,-0.288988 
-0.071830 ,-0.718577 
-0.952362 ,0.310202 
0.098853 ,1.516263 
5.057420 ,1.232863 

0.000150 ,0.000030 
0.269700 ,-0.278027 
-0.060112 ,-0.719669 
-0.955408 ,0.300691 
0.090756 ,1.516746 
5.056384 ,1.237136 

0.000151 ,0.000030 
0.280998 ,-0.266588 
-0.048378 ,-0.720571 
-0.958360 ,0.291151 
0.082658 ,1.517185 
5.055344 ,1.241409 

0.000152 ,0.000030 
0.291813 ,-0.254689 
-0.036631 ,-0.721282 
-0.961216 ,0.281581 
0.074557 ,1.517582 
5.054300 ,1.245680 

0.000153 ,0.000031 
0.302126 ,-0.242352 
-0.024874 ,-0.721800 
-0.963977 ,0.271984 
0.066453 ,1.517934 
5.053253 ,1.249951 

0.000153 ,0.000031 
0.311918 ,-0.229597 
-0.013111 ,-0.722128 
-0.966641 ,0.262359 
0.058348 ,1.518244 
5.052202 ,1.254220 

0.000154 ,0.000031 
0.321174 ,-0.216447 
-0.001344 ,-0.722264 
-0.969210 ,0.252709 
0.050241 ,1.518510 
5.051147 ,1.258489 

0.000155 ,0.000031 
0.329876 ,-0.202924 
0.010424 ,-0.722208 
-0.971682 ,0.243033 
0.042133 ,1.518733 
5.050089 ,1.262757 

0.000156 ,0.000031 
0.338011 ,-0.189051 
0.022188 ,-0.721960 
-0.974057 ,0.233333 
0.034024 ,1.518913 
5.049028 ,1.267024 

0.000157 ,0.000032 
0.345563 ,-0.174852 
0.033947 ,-0.721521 
-0.976335 ,0.223610 
0.025914 ,1.519050 
5.047962 ,1.271290 

0.000158 ,0.000032 
0.352520 ,-0.160352 
0.045697 ,-0.720890 
-0.978517 ,0.213865 
0.017802 ,1.519143 
5.046894 ,1.275555 

0.000159 ,0.000032 
0.358870 ,-0.145576 
0.057434 ,-0.720068 
-0.980601 ,0.204098 
0.009691 ,1.519192 
5.045821 ,1.279820 

0.000160 ,0.000032 
0.364602 ,-0.130548 
0.069157 ,-0.719055 
-0.982587 ,0.194311 
0.001579 ,1.519199 
5.044745 ,1.284083 

0.000161 ,0.000033 
0.369705 ,-0.115296 
0.080861 ,-0.717852 
-0.984476 ,0.184505 
-0.006533 ,1.519162 
5.043666 ,1.288345 

0.000162 ,0.000033 
0.374171 ,-0.099844 
0.092544 ,-0.716458 
-0.986266 ,0.174680 
-0.014644 ,1.519082 
5.042583 ,1.292607 

0.000163 ,0.000033 
0.377993 ,-0.084221 
0.104202 ,-0.714874 
-0.987959 ,0.164838 
-0.022756 ,1.518958 
5.041496 ,1.296868 

0.000165 ,0.000033 
0.381164 ,-0.068452 
0.115833 ,-0.713100 
-0.989553 ,0.154980 
-0.030866 ,1.518791 
5.040406 ,1.301127 

0.000166 ,0.000033 
0.383677 ,-0.052565 
0.127433 ,-0.711137 
-0.991049 ,0.145106 
-0.038976 ,1.518581 
5.039312 ,1.305386 

0.000167 ,0.000034 
0.385530 ,-0.036588 
0.138999 ,-0.708985 
-0.992446 ,0.135218 
-0.047085 ,1.518328 
5.038215 ,1.309644 

0.000168 ,0.000034 
0.386718 ,-0.020547 
0.150528 ,-0.706646 
-0.993745 ,0.125316 
-0.055192 ,1.518031 
5.037114 ,1.313901 

0.000169 ,0.000034 
0.387240 ,-0.004471 
0.162018 ,-0.704119 
-0.994944 ,0.115402 
-0.063297 ,1.517691 
5.036009 ,1.318157 

0.000170 ,0.000034 
0.387094 ,0.011612 
0.173465 ,-0.701406 
-0.996045 ,0.105476 
-0.071401 ,1.517307 
5.034901 ,1.322412 

0.000171 ,0.000034 
0.386281 ,0.027676 
0.184866 ,-0.698506 
-0.997046 ,0.095540 
-0.079503 ,1.516880 
5.033789 ,1.326666 

0.000172 ,0.000035 
0.384803 ,0.043693 
0.196217 ,-0.695421 
-0.997949 ,0.085595 
-0.087603 ,1.516410 
5.032674 ,1.330919 

0.000173 ,0.000035 
0.382662 ,0.059634 
0.207517 ,-0.692152 
-0.998752 ,0.075641 
-0.095700 ,1.515897 
5.031555 ,1.335171 

0.000174 ,0.000035 
0.379861 ,0.075472 
0.218762 ,-0.688700 
-0.999455 ,0.065679 
-0.103794 ,1.515340 
5.030433 ,1.339423 

0.000175 ,0.000035 
0.376406 ,0.091180 
0.229949 ,-0.685065 
-1.000060 ,0.055711 
-0.111885 ,1.514741 
5.029307 ,1.343673 

0.000176 ,0.000036 
0.372302 ,0.106731 
0.241075 ,-0.681248 
-1.000564 ,0.045737 
-0.119973 ,1.514098 
5.028178 ,1.347923 

0.000177 ,0.000036 
0.367557 ,0.122098 
0.252137 ,-0.677251 
-1.000970 ,0.035759 
-0.128058 ,1.513411 
5.027045 ,1.352171 

0.000178 ,0.000036 
0.362178 ,0.137255 
0.263133 ,-0.673074 
-1.001275 ,0.025777 
-0.136139 ,1.512682 
5.025908 ,1.356418 

0.000179 ,0.000036 
0.356176 ,0.152175 
0.274058 ,-0.668719 
-1.001481 ,0.015793 
-0.144216 ,1.511909 
5.024768 ,1.360665 

0.000180 ,0.000036 
0.349560 ,0.166833 
0.284912 ,-0.664187 
-1.001588 ,0.005807 
-0.152289 ,1.511094 
5.023624 ,1.364911 

0.000181 ,0.000037 
0.342342 ,0.181204 
0.295689 ,-0.659479 
-1.001594 ,-0.004179 
-0.160358 ,1.510235 
5.022477 ,1.369155 

0.000182 ,0.000037 
0.334534 ,0.195262 
0.306389 ,-0.654596 
-1.001501 ,-0.014166 
-0.168422 ,1.509333 
5.021326 ,1.373399 

0.000183 ,0.000037 
0.326151 ,0.208984 
0.317007 ,-0.649540 
-1.001309 ,-0.024150 
-0.176481 ,1.508387 
5.020172 ,1.377641 

0.000184 ,0.000037 
0.317206 ,0.222346 
0.327542 ,-0.644311 
-1.001017 ,-0.034132 
-0.184535 ,1.507399 
5.019014 ,1.381883 

0.000186 ,0.000038 
0.307714 ,0.235326 
0.337989 ,-0.638912 
-1.000625 ,-0.044111 
-0.192584 ,1.506368 
5.017852 ,1.386124 

0.000187 ,0.000038 
0.297693 ,0.247900 
0.348348 ,-0.633344 
-1.000134 ,-0.054086 
-0.200627 ,1.505294 
5.016687 ,1.390363 

0.000188 ,0.000038 
0.287160 ,0.260047 
0.358614 ,-0.627608 
-0.999543 ,-0.064055 
-0.208665 ,1.504177 
5.015518 ,1.394602 

0.000189 ,0.000038 
0.276132 ,0.271746 
0.368785 ,-0.621705 
-0.998853 ,-0.074017 
-0.216697 ,1.503016 
5.014346 ,1.398840 

0.000190 ,0.000039 
0.264629 ,0.282977 
0.378858 ,-0.615638 
-0.998063 ,-0.083973 
-0.224722 ,1.501813 
5.013170 ,1.403077 

0.000191 ,0.000039 
0.252672 ,0.293721 
0.388832 ,-0.609408 
-0.997174 ,-0.093920 
-0.232741 ,1.500567 
5.011991 ,1.407312 

0.000192 ,0.000039 
0.240279 ,0.303960 
0.398702 ,-0.603017 
-0.996186 ,-0.103857 
-0.240754 ,1.499278 
5.010808 ,1.411547 

0.000193 ,0.000039 
0.227473 ,0.313676 
0.408467 ,-0.596466 
-0.995099 ,-0.113785 
-0.248759 ,1.497947 
5.009622 ,1.415781 

0.000194 ,0.000039 
0.214276 ,0.322852 
0.418123 ,-0.589757 
-0.993912 ,-0.123701 
-0.256758 ,1.496572 
5.008432 ,1.420014 

0.000195 ,0.000040 
0.200711 ,0.331472 
0.427670 ,-0.582891 
-0.992627 ,-0.133604 
-0.264749 ,1.495155 
5.007238 ,1.424245 

0.000197 ,0.000040 
0.186801 ,0.339523 
0.437102 ,-0.575872 
-0.991243 ,-0.143495 
-0.272732 ,1.493695 
5.006041 ,1.428476 

0.000198 ,0.000040 
0.172569 ,0.346989 
0.446420 ,-0.568700 
-0.989761 ,-0.153371 
-0.280708 ,1.492193 
5.004840 ,1.432706 

0.000199 ,0.000040 
0.158042 ,0.353858 
0.455619 ,-0.561377 
-0.988180 ,-0.163231 
-0.288675 ,1.490647 
5.003636 ,1.436935 

0.000200 ,0.000041 
0.143243 ,0.360120 
0.464697 ,-0.553906 
-0.986501 ,-0.173076 
-0.296635 ,1.489060 
5.002429 ,1.441162 

0.000201 ,0.000041 
0.128198 ,0.365762 
0.473653 ,-0.546288 
-0.984723 ,-0.182903 
-0.304586 ,1.487429 
5.001217 ,1.445389 

0.000202 ,0.000041 
0.112933 ,0.370775 
0.482484 ,-0.538526 
-0.982848 ,-0.192712 
-0.312528 ,1.485756 
5.000003 ,1.449614 

0.000203 ,0.000041 
0.097474 ,0.375151 
0.491186 ,-0.530621 
-0.980875 ,-0.202502 
-0.320461 ,1.484041 
4.998784 ,1.453839 

0.000205 ,0.000042 
0.081848 ,0.378883 
0.499759 ,-0.522576 
-0.978804 ,-0.212272 
-0.328385 ,1.482284 
4.997562 ,1.458063 

0.000206 ,0.000042 
0.066082 ,0.381964 
0.508200 ,-0.514392 
-0.976636 ,-0.222021 
-0.336300 ,1.480484 
4.996337 ,1.462285 

0.000207 ,0.000042 
0.050202 ,0.384389 
0.516506 ,-0.506072 
-0.974370 ,-0.231748 
-0.344205 ,1.478641 
4.995108 ,1.466507 

0.000208 ,0.000042 
0.034237 ,0.386153 
0.524675 ,-0.497619 
-0.972008 ,-0.241451 
-0.352100 ,1.476757 
4.993875 ,1.470727 

0.000209 ,0.000043 
0.018213 ,0.387255 
0.532706 ,-0.489033 
-0.969549 ,-0.251131 
-0.359986 ,1.474830 
4.992639 ,1.474947 

0.000210 ,0.000043 
0.002159 ,0.387691 
0.540596 ,-0.480319 
-0.966993 ,-0.260785 
-0.367860 ,1.472861 
4.991400 ,1.479165 

0.000211 ,0.000043 
-0.013899 ,0.387463 
0.548343 ,-0.471477 
-0.964342 ,-0.270414 
-0.375725 ,1.470850 
4.990157 ,1.483382 

0.000213 ,0.000043 
-0.029933 ,0.386569 
0.555945 ,-0.462510 
-0.961594 ,-0.280016 
-0.383578 ,1.468797 
4.988910 ,1.487599 

0.000214 ,0.000044 
-0.045915 ,0.385012 
0.563400 ,-0.453421 
-0.958751 ,-0.289589 
-0.391421 ,1.466702 
4.987660 ,1.491814 

0.000215 ,0.000044 
-0.061818 ,0.382795 
0.570706 ,-0.444212 
-0.955812 ,-0.299134 
-0.399252 ,1.464565 
4.986406 ,1.496028 

0.000216 ,0.000044 
-0.077614 ,0.379921 
0.577861 ,-0.434886 
-0.952778 ,-0.308650 
-0.407072 ,1.462386 
4.985149 ,1.500241 

0.000217 ,0.000044 
-0.093277 ,0.376395 
0.584863 ,-0.425444 
-0.949649 ,-0.318134 
-0.414881 ,1.460165 
4.983888 ,1.504453 

0.000219 ,0.000045 
-0.108780 ,0.372225 
0.591711 ,-0.415890 
-0.946426 ,-0.327587 
-0.422677 ,1.457903 
4.982623 ,1.508664 

0.000220 ,0.000045 
-0.124095 ,0.367416 
0.598402 ,-0.406226 
-0.943109 ,-0.337008 
-0.430462 ,1.455599 
4.981356 ,1.512874 

0.000221 ,0.000045 
-0.139198 ,0.361977 
0.604935 ,-0.396455 
-0.939698 ,-0.346394 
-0.438234 ,1.453253 
4.980084 ,1.517083 

0.000222 ,0.000045 
-0.154062 ,0.355918 
0.611308 ,-0.386578 
-0.936193 ,-0.355747 
-0.445993 ,1.450866 
4.978809 ,1.521291 

0.000223 ,0.000046 
-0.168661 ,0.349249 
0.617519 ,-0.376600 
-0.932595 ,-0.365064 
-0.453740 ,1.448437 
4.977531 ,1.525497 

0.000225 ,0.000046 
-0.182971 ,0.341982 
0.623567 ,-0.366521 
-0.928905 ,-0.374344 
-0.461474 ,1.445967 
4.976249 ,1.529703 

0.000226 ,0.000046 
-0.196967 ,0.334129 
0.629451 ,-0.356346 
-0.925122 ,-0.383587 
-0.469194 ,1.443455 
4.974963 ,1.533907 

0.000227 ,0.000046 
-0.210625 ,0.325704 
0.635168 ,-0.346077 
-0.921247 ,-0.392793 
-0.476902 ,1.440902 
4.973674 ,1.538111 

0.000228 ,0.000047 
-0.223922 ,0.316721 
0.640717 ,-0.335716 
-0.917280 ,-0.401959 
-0.484595 ,1.438308 
4.972382 ,1.542313 

0.000229 ,0.000047 
-0.236836 ,0.307196 
0.646096 ,-0.325266 
-0.913222 ,-0.411085 
-0.492275 ,1.435673 
4.971086 ,1.546514 

0.000231 ,0.000047 
-0.249343 ,0.297145 
0.651305 ,-0.314730 
-0.909073 ,-0.420170 
-0.499940 ,1.432997 
4.969786 ,1.550715 

0.000232 ,0.000047 
-0.261424 ,0.286586 
0.656342 ,-0.304111 
-0.904833 ,-0.429213 
-0.507592 ,1.430280 
4.968483 ,1.554914 

0.000233 ,0.000048 
-0.273056 ,0.275536 
0.661205 ,-0.293412 
-0.900504 ,-0.438214 
-0.515228 ,1.427522 
4.967176 ,1.559112 

0.000234 ,0.000048 
-0.284221 ,0.264014 
0.665894 ,-0.282635 
-0.896085 ,-0.447171 
-0.522850 ,1.424723 
4.965866 ,1.563308 

0.000235 ,0.000048 
-0.294899 ,0.252041 
0.670406 ,-0.271783 
-0.891576 ,-0.456084 
-0.530457 ,1.421883 
4.964552 ,1.567504 

0.000237 ,0.000048 
-0.305072 ,0.239637 
0.674742 ,-0.260860 
-0.886979 ,-0.464951 
-0.538049 ,1.419003 
4.963235 ,1.571699 

0.000238 ,0.000049 
-0.314722 ,0.226823 
0.678899 ,-0.249867 
-0.882294 ,-0.473772 
-0.545625 ,1.416082 
4.961914 ,1.575892 

0.000239 ,0.000049 
-0.323834 ,0.213621 
0.682877 ,-0.238808 
-0.877521 ,-0.482546 
-0.553186 ,1.413121 
4.960590 ,1.580085 

0.000240 ,0.000049 
-0.332392 ,0.200053 
0.686674 ,-0.227687 
-0.872661 ,-0.491272 
-0.560731 ,1.410119 
4.959262 ,1.584276 

0.000242 ,0.000049 
-0.340381 ,0.186144 
0.690290 ,-0.216505 
-0.867713 ,-0.499948 
-0.568260 ,1.407076 
4.957931 ,1.588466 

0.000243 ,0.000050 
-0.347787 ,0.171916 
0.693723 ,-0.205265 
-0.862680 ,-0.508576 
-0.575773 ,1.403994 
4.956596 ,1.592655 

0.000244 ,0.000050 
-0.354598 ,0.157395 
0.696973 ,-0.193972 
-0.857560 ,-0.517152 
-0.583269 ,1.400871 
4.955258 ,1.596843 

0.000245 ,0.000050 
-0.360802 ,0.142604 
0.700039 ,-0.182627 
-0.852355 ,-0.525677 
-0.590748 ,1.397708 
4.953916 ,1.601030 

0.000247 ,0.000051 
-0.366389 ,0.127570 
0.702920 ,-0.171234 
-0.847066 ,-0.534150 
-0.598211 ,1.394506 
4.952571 ,1.605215 

0.000248 ,0.000051 
-0.371350 ,0.112318 
0.705615 ,-0.159796 
-0.841691 ,-0.542569 
-0.605656 ,1.391263 
4.951222 ,1.609400 

0.000249 ,0.000051 
-0.375675 ,0.096873 
0.708124 ,-0.148315 
-0.836234 ,-0.550935 
-0.613084 ,1.387981 
4.949869 ,1.613583 

0.000251 ,0.000051 
-0.379357 ,0.081264 
0.710446 ,-0.136795 
-0.830693 ,-0.559246 
-0.620495 ,1.384658 
4.948514 ,1.617766 

0.000252 ,0.000052 
-0.382391 ,0.065515 
0.712579 ,-0.125239 
-0.825069 ,-0.567501 
-0.627887 ,1.381296 
4.947154 ,1.621947 

0.000253 ,0.000052 
-0.384770 ,0.049655 
0.714525 ,-0.113650 
-0.819363 ,-0.575700 
-0.635262 ,1.377895 
4.945791 ,1.626127 

0.000254 ,0.000052 
-0.386491 ,0.033709 
0.716282 ,-0.102031 
-0.813576 ,-0.583841 
-0.642619 ,1.374454 
4.944425 ,1.630305 

0.000256 ,0.000052 
-0.387551 ,0.017706 
0.717850 ,-0.090385 
-0.807707 ,-0.591924 
-0.649957 ,1.370974 
4.943055 ,1.634483 

0.000257 ,0.000053 
-0.387949 ,0.001674 
0.719228 ,-0.078715 
-0.801758 ,-0.599948 
-0.657276 ,1.367455 
4.941682 ,1.638659 

0.000258 ,0.000053 
-0.387683 ,-0.014362 
0.720416 ,-0.067024 
-0.795730 ,-0.607913 
-0.664577 ,1.363896 
4.940305 ,1.642835 

0.000260 ,0.000053 
-0.386753 ,-0.030373 
0.721413 ,-0.055315 
-0.789622 ,-0.615817 
-0.671859 ,1.360299 
4.938924 ,1.647009 

0.000261 ,0.000054 
-0.385163 ,-0.046332 
0.722220 ,-0.043592 
-0.783435 ,-0.623660 
-0.679121 ,1.356662 
4.937540 ,1.651182 

0.000262 ,0.000054 
-0.382913 ,-0.062212 
0.722837 ,-0.031857 
-0.777171 ,-0.631441 
-0.686364 ,1.352987 
4.936153 ,1.655353 

0.000263 ,0.000054 
-0.380008 ,-0.077986 
0.723262 ,-0.020114 
-0.770829 ,-0.639159 
-0.693587 ,1.349272 
4.934762 ,1.659524 

0.000265 ,0.000054 
-0.376454 ,-0.093626 
0.723496 ,-0.008365 
-0.764410 ,-0.646813 
-0.700791 ,1.345520 
4.933368 ,1.663694 

0.000266 ,0.000055 
-0.372255 ,-0.109105 
0.723539 ,0.003386 
-0.757916 ,-0.654403 
-0.707974 ,1.341728 
4.931970 ,1.667862 

0.000267 ,0.000055 
-0.367420 ,-0.124399 
0.723391 ,0.015136 
-0.751345 ,-0.661927 
-0.715137 ,1.337899 
4.930569 ,1.672029 

0.000269 ,0.000055 
-0.361956 ,-0.139479 
0.723052 ,0.026881 
-0.744700 ,-0.669386 
-0.722280 ,1.334031 
4.929164 ,1.676195 

0.000270 ,0.000055 
-0.355872 ,-0.154321 
0.722522 ,0.038620 
-0.737981 ,-0.676779 
-0.729402 ,1.330124 
4.927755 ,1.680359 

0.000271 ,0.000056 
-0.349180 ,-0.168899 
0.721801 ,0.050349 
-0.731189 ,-0.684103 
-0.736503 ,1.326180 
4.926343 ,1.684523 

0.000273 ,0.000056 
-0.341890 ,-0.183188 
0.720889 ,0.062064 
-0.724323 ,-0.691360 
-0.743582 ,1.322198 
4.924928 ,1.688685 

0.000274 ,0.000056 
-0.334015 ,-0.197163 
0.719787 ,0.073763 
-0.717386 ,-0.698548 
-0.750641 ,1.318178 
4.923509 ,1.692846 

0.000275 ,0.000057 
-0.325568 ,-0.210802 
0.718494 ,0.085443 
-0.710377 ,-0.705666 
-0.757678 ,1.314120 
4.922087 ,1.697006 

0.000277 ,0.000057 
-0.316564 ,-0.224079 
0.717012 ,0.097100 
-0.703297 ,-0.712715 
-0.764693 ,1.310024 
4.920661 ,1.701165 

0.000278 ,0.000057 
-0.307018 ,-0.236974 
0.715340 ,0.108731 
-0.696147 ,-0.719692 
-0.771687 ,1.305891 
4.919232 ,1.705323 

0.000279 ,0.000057 
-0.296946 ,-0.249462 
0.713480 ,0.120334 
-0.688928 ,-0.726597 
-0.778658 ,1.301721 
4.917799 ,1.709479 

0.000281 ,0.000058 
-0.286366 ,-0.261524 
0.711431 ,0.131904 
-0.681640 ,-0.733431 
-0.785607 ,1.297513 
4.916363 ,1.713634 

0.000282 ,0.000058 
-0.275295 ,-0.273138 
0.709194 ,0.143440 
-0.674285 ,-0.740191 
-0.792533 ,1.293268 
4.914923 ,1.717788 

0.000284 ,0.000058 
-0.263752 ,-0.284285 
0.706769 ,0.154938 
-0.666862 ,-0.746877 
-0.799437 ,1.288986 
4.913480 ,1.721940 

0.000285 ,0.000059 
-0.251758 ,-0.294945 
0.704158 ,0.166395 
-0.659373 ,-0.753489 
-0.806318 ,1.284667 
4.912033 ,1.726092 

0.000286 ,0.000059 
-0.239332 ,-0.305100 
0.701361 ,0.177808 
-0.651818 ,-0.760026 
-0.813176 ,1.280311 
4.910583 ,1.730242 

0.000288 ,0.000059 
-0.226496 ,-0.314732 
0.698378 ,0.189175 
-0.644198 ,-0.766488 
-0.820010 ,1.275919 
4.909129 ,1.734391 

0.000289 ,0.000060 
-0.213271 ,-0.323826 
0.695211 ,0.200491 
-0.636514 ,-0.772873 
-0.826821 ,1.271490 
4.907672 ,1.738539 

0.000290 ,0.000060 
-0.199681 ,-0.332364 
0.691861 ,0.211754 
-0.628767 ,-0.779181 
-0.833608 ,1.267024 
4.906211 ,1.742685 

0.000292 ,0.000060 
-0.185748 ,-0.340334 
0.688327 ,0.222961 
-0.620957 ,-0.785412 
-0.840371 ,1.262522 
4.904747 ,1.746831 

0.000293 ,0.000060 
-0.171496 ,-0.347720 
0.684612 ,0.234110 
-0.613085 ,-0.791564 
-0.847111 ,1.257984 
4.903280 ,1.750975 

0.000295 ,0.000061 
-0.156951 ,-0.354510 
0.680715 ,0.245196 
-0.605152 ,-0.797638 
-0.853825 ,1.253410 
4.901809 ,1.755118 

0.000296 ,0.000061 
-0.142135 ,-0.360693 
0.676639 ,0.256218 
-0.597159 ,-0.803632 
-0.860516 ,1.248800 
4.900334 ,1.759259 

0.000297 ,0.000061 
-0.127076 ,-0.366258 
0.672384 ,0.267172 
-0.589106 ,-0.809546 
-0.867182 ,1.244155 
4.898856 ,1.763399 

0.000299 ,0.000062 
-0.111798 ,-0.371194 
0.667952 ,0.278055 
-0.580995 ,-0.815379 
-0.873822 ,1.239473 
4.897374 ,1.767539 

0.000300 ,0.000062 
-0.096328 ,-0.375494 
0.663343 ,0.288865 
-0.572826 ,-0.821132 
-0.880438 ,1.234757 
4.895890 ,1.771676 

0.000302 ,0.000062 
-0.080692 ,-0.379150 
0.658559 ,0.299598 
-0.564599 ,-0.826802 
-0.887029 ,1.230004 
4.894401 ,1.775813 

0.000303 ,0.000063 
-0.064918 ,-0.382155 
0.653600 ,0.310253 
-0.556317 ,-0.832390 
-0.893594 ,1.225217 
4.892909 ,1.779948 

0.000304 ,0.000063 
-0.049031 ,-0.384505 
0.648469 ,0.320825 
-0.547979 ,-0.837896 
-0.900133 ,1.220394 
4.891414 ,1.784082 

0.000306 ,0.000063 
-0.033060 ,-0.386195 
0.643167 ,0.331312 
-0.539586 ,-0.843318 
-0.906647 ,1.215536 
4.889915 ,1.788215 

0.000307 ,0.000063 
-0.017032 ,-0.387222 
0.637694 ,0.341712 
-0.531140 ,-0.848655 
-0.913135 ,1.210644 
4.888413 ,1.792347 

0.000309 ,0.000064 
-0.000974 ,-0.387585 
0.632053 ,0.352022 
-0.522640 ,-0.853909 
-0.919596 ,1.205717 
4.886907 ,1.796477 

0.000310 ,0.000064 
0.015087 ,-0.387282 
0.626246 ,0.362238 
-0.514089 ,-0.859077 
-0.926031 ,1.200755 
4.885398 ,1.800606 

0.000311 ,0.000064 
0.031122 ,-0.386314 
0.620272 ,0.372359 
-0.505486 ,-0.864160 
-0.932440 ,1.195759 
4.883885 ,1.804733 

0.000313 ,0.000065 
0.047104 ,-0.384682 
0.614135 ,0.382381 
-0.496833 ,-0.869156 
-0.938822 ,1.190728 
4.882369 ,1.808860 

0.000314 ,0.000065 
0.063005 ,-0.382390 
0.607835 ,0.392303 
-0.488131 ,-0.874066 
-0.945176 ,1.185664 
4.880849 ,1.812985 

0.000316 ,0.000065 
0.078800 ,-0.379441 
0.601375 ,0.402120 
-0.479380 ,-0.878889 
-0.951504 ,1.180565 
4.879326 ,1.817109 

0.000317 ,0.000066 
0.094459 ,-0.375839 
0.594755 ,0.411831 
-0.470581 ,-0.883625 
-0.957805 ,1.175433 
4.877800 ,1.821231 

0.000319 ,0.000066 
0.109956 ,-0.371592 
0.587979 ,0.421434 
-0.461735 ,-0.888272 
-0.964077 ,1.170266 
4.876270 ,1.825353 

0.000320 ,0.000066 
0.125265 ,-0.366706 
0.581047 ,0.430924 
-0.452843 ,-0.892831 
-0.970323 ,1.165067 
4.874736 ,1.829473 

0.000322 ,0.000067 
0.140359 ,-0.361189 
0.573961 ,0.440301 
-0.443906 ,-0.897301 
-0.976540 ,1.159833 
4.873200 ,1.833591 

0.000323 ,0.000067 
0.155213 ,-0.355052 
0.566724 ,0.449562 
-0.434925 ,-0.901682 
-0.982730 ,1.154567 
4.871659 ,1.837709 

0.000324 ,0.000067 
0.169800 ,-0.348303 
0.559337 ,0.458703 
-0.425900 ,-0.905973 
-0.988891 ,1.149268 
4.870115 ,1.841825 

0.000326 ,0.000068 
0.184095 ,-0.340956 
0.551802 ,0.467724 
-0.416833 ,-0.910173 
-0.995024 ,1.143935 
4.868568 ,1.845940 

0.000327 ,0.000068 
0.198075 ,-0.333021 
0.544122 ,0.476620 
-0.407724 ,-0.914283 
-1.001128 ,1.138570 
4.867017 ,1.850053 

0.000329 ,0.000068 
0.211714 ,-0.324514 
0.536297 ,0.485391 
-0.398575 ,-0.918302 
-1.007204 ,1.133172 
4.865463 ,1.854165 

0.000330 ,0.000069 
0.224990 ,-0.315448 
0.528331 ,0.494033 
-0.389386 ,-0.922229 
-1.013250 ,1.127741 
4.863906 ,1.858276 

0.000332 ,0.000069 
0.237879 ,-0.305840 
0.520225 ,0.502544 
-0.380158 ,-0.926064 
-1.019268 ,1.122278 
4.862345 ,1.862386 

0.000333 ,0.000069 
0.250359 ,-0.295704 
0.511981 ,0.510923 
-0.370892 ,-0.929808 
-1.025256 ,1.116783 
4.860780 ,1.866494 

0.000335 ,0.000070 
0.262408 ,-0.285060 
0.503602 ,0.519166 
-0.361589 ,-0.933458 
-1.031215 ,1.111256 
4.859212 ,1.870601 

0.000336 ,0.000070 
0.274007 ,-0.273925 
0.495090 ,0.527272 
-0.352251 ,-0.937016 
-1.037144 ,1.105697 
4.857641 ,1.874706 

0.000338 ,0.000070 
0.285134 ,-0.262317 
0.486447 ,0.535238 
-0.342877 ,-0.940480 
-1.043044 ,1.100107 
4.856066 ,1.878811 

0.000339 ,0.000071 
0.295771 ,-0.250259 
0.477675 ,0.543063 
-0.333468 ,-0.943850 
-1.048914 ,1.094485 
4.854488 ,1.882913 

0.000341 ,0.000071 
0.305899 ,-0.237768 
0.468777 ,0.550744 
-0.324027 ,-0.947126 
-1.054753 ,1.088831 
4.852906 ,1.887015 

0.000342 ,0.000071 
0.315501 ,-0.224869 
0.459755 ,0.558280 
-0.314553 ,-0.950308 
-1.060562 ,1.083146 
4.851321 ,1.891115 

0.000344 ,0.000072 
0.324560 ,-0.211581 
0.450612 ,0.565668 
-0.305048 ,-0.953396 
-1.066341 ,1.077430 
4.849733 ,1.895214 

0.000345 ,0.000072 
0.333060 ,-0.197930 
0.441349 ,0.572906 
-0.295513 ,-0.956388 
-1.072089 ,1.071683 
4.848141 ,1.899312 

0.000347 ,0.000072 
0.340987 ,-0.183936 
0.431970 ,0.579992 
-0.285947 ,-0.959285 
-1.077806 ,1.065906 
4.846545 ,1.903408 

0.000348 ,0.000073 
0.348327 ,-0.169626 
0.422476 ,0.586925 
-0.276354 ,-0.962086 
-1.083493 ,1.060097 
4.844946 ,1.907503 

0.000350 ,0.000073 
0.355067 ,-0.155024 
0.412871 ,0.593702 
-0.266733 ,-0.964792 
-1.089148 ,1.054259 
4.843344 ,1.911596 

0.000351 ,0.000073 
0.361196 ,-0.140154 
0.403156 ,0.600323 
-0.257085 ,-0.967401 
-1.094772 ,1.048390 
4.841738 ,1.915688 

0.000353 ,0.000074 
0.366703 ,-0.125042 
0.393335 ,0.606784 
-0.247412 ,-0.969914 
-1.100365 ,1.042491 
4.840129 ,1.919779 

0.000355 ,0.000074 
0.371579 ,-0.109715 
0.383410 ,0.613085 
-0.237713 ,-0.972330 
-1.105926 ,1.036562 
4.838517 ,1.923869 

0.000356 ,0.000074 
0.375815 ,-0.094199 
0.373383 ,0.619224 
-0.227992 ,-0.974649 
-1.111455 ,1.030604 
4.836901 ,1.927957 

0.000358 ,0.000075 
0.379403 ,-0.078520 
0.363258 ,0.625199 
-0.218247 ,-0.976871 
-1.116952 ,1.024615 
4.835281 ,1.932043 

0.000359 ,0.000075 
0.382339 ,-0.062705 
0.353036 ,0.631008 
-0.208480 ,-0.978996 
-1.122418 ,1.018598 
4.833658 ,1.936129 

0.000361 ,0.000075 
0.384615 ,-0.046783 
0.342721 ,0.636650 
-0.198693 ,-0.981023 
-1.127851 ,1.012551 
4.832032 ,1.940213 

0.000362 ,0.000076 
0.386230 ,-0.030779 
0.332316 ,0.642123 
-0.188886 ,-0.982953 
-1.133251 ,1.006475 
4.830402 ,1.944295 

0.000364 ,0.000076 
0.387179 ,-0.014722 
0.321822 ,0.647427 
-0.179060 ,-0.984784 
-1.138620 ,1.000370 
4.828769 ,1.948376 

0.000365 ,0.000077 
0.387461 ,0.001360 
0.311244 ,0.652559 
-0.169216 ,-0.986517 
-1.143955 ,0.994237 
4.827133 ,1.952456 

0.000367 ,0.000077 
0.387075 ,0.017440 
0.300583 ,0.657518 
-0.159356 ,-0.988152 
-1.149257 ,0.988075 
4.825493 ,1.956535 

0.000368 ,0.000077 
0.386024 ,0.033490 
0.289842 ,0.662303 
-0.149479 ,-0.989688 
-1.154527 ,0.981884 
4.823849 ,1.960612 

0.000370 ,0.000078 
0.384307 ,0.049482 
0.279025 ,0.666913 
-0.139587 ,-0.991126 
-1.159763 ,0.975665 
4.822202 ,1.964687 

0.000372 ,0.000078 
0.381928 ,0.065389 
0.268134 ,0.671346 
-0.129682 ,-0.992465 
-1.164966 ,0.969419 
4.820552 ,1.968762 

0.000373 ,0.000078 
0.378892 ,0.081184 
0.257172 ,0.675601 
-0.119763 ,-0.993705 
-1.170136 ,0.963144 
4.818899 ,1.972835 

0.000375 ,0.000079 
0.375203 ,0.096839 
0.246142 ,0.679677 
-0.109833 ,-0.994846 
-1.175272 ,0.956842 
4.817242 ,1.976906 

0.000376 ,0.000079 
0.370868 ,0.112327 
0.235047 ,0.683573 
-0.099891 ,-0.995887 
-1.180374 ,0.950513 
4.815581 ,1.980976 

0.000378 ,0.000079 
0.365894 ,0.127622 
0.223890 ,0.687288 
-0.089940 ,-0.996830 
-1.185443 ,0.944156 
4.813917 ,1.985045 

0.000380 ,0.000080 
0.360291 ,0.142696 
0.212674 ,0.690821 
-0.079979 ,-0.997673 
-1.190477 ,0.937772 
4.812250 ,1.989112 

0.000381 ,0.000080 
0.354067 ,0.157525 
0.201401 ,0.694171 
-0.070011 ,-0.998416 
-1.195477 ,0.931361 
4.810579 ,1.993178 

0.000383 ,0.000081 
0.347233 ,0.172083 
0.190075 ,0.697337 
-0.060035 ,-0.999060 
-1.200443 ,0.924923 
4.808905 ,1.997243 

0.000384 ,0.000081 
0.339802 ,0.186344 
0.178699 ,0.700318 
-0.050054 ,-0.999604 
-1.205374 ,0.918459 
4.807228 ,2.001306 

0.000386 ,0.000081 
0.331786 ,0.200285 
0.167275 ,0.703113 
-0.040067 ,-1.000049 
-1.210270 ,0.911968 
4.805547 ,2.005367 

0.000388 ,0.000082 
0.323199 ,0.213880 
0.155808 ,0.705722 
-0.030076 ,-1.000394 
-1.215132 ,0.905452 
4.803862 ,2.009427 

0.000389 ,0.000082 
0.314056 ,0.227107 
0.144299 ,0.708145 
-0.020083 ,-1.000639 
-1.219959 ,0.898909 
4.802175 ,2.013486 

0.000391 ,0.000082 
0.304373 ,0.239943 
0.132752 ,0.710379 
-0.010087 ,-1.000784 
-1.224751 ,0.892340 
4.800484 ,2.017544 

0.000392 ,0.000083 
0.294166 ,0.252366 
0.121170 ,0.712425 
-0.000090 ,-1.000830 
-1.229508 ,0.885746 
4.798789 ,2.021599 

0.000394 ,0.000083 
0.283453 ,0.264354 
0.109555 ,0.714282 
0.009906 ,-1.000776 
-1.234229 ,0.879126 
4.797091 ,2.025654 

0.000396 ,0.000084 
0.272253 ,0.275888 
0.097912 ,0.715950 
0.019902 ,-1.000621 
-1.238915 ,0.872481 
4.795390 ,2.029707 

0.000397 ,0.000084 
0.260585 ,0.286946 
0.086243 ,0.717428 
0.029896 ,-1.000367 
-1.243565 ,0.865811 
4.793685 ,2.033759 

0.000399 ,0.000084 
0.248468 ,0.297511 
0.074552 ,0.718716 
0.039887 ,-1.000014 
-1.248180 ,0.859116 
4.791977 ,2.037809 

0.000401 ,0.000085 
0.235925 ,0.307563 
0.062840 ,0.719813 
0.049874 ,-0.999560 
-1.252758 ,0.852397 
4.790265 ,2.041858 

0.000402 ,0.000085 
0.222976 ,0.317087 
0.051112 ,0.720719 
0.059856 ,-0.999007 
-1.257301 ,0.845653 
4.788551 ,2.045905 

0.000404 ,0.000086 
0.209645 ,0.326065 
0.039371 ,0.721435 
0.069833 ,-0.998354 
-1.261807 ,0.838885 
4.786832 ,2.049951 

0.000405 ,0.000086 
0.195953 ,0.334482 
0.027619 ,0.721958 
0.079802 ,-0.997602 
-1.266278 ,0.832092 
4.785111 ,2.053995 

0.000407 ,0.000086 
0.181925 ,0.342324 
0.015860 ,0.722291 
0.089763 ,-0.996750 
-1.270711 ,0.825276 
4.783386 ,2.058038 

0.000409 ,0.000087 
0.167585 ,0.349577 
0.004097 ,0.722431 
0.099716 ,-0.995799 
-1.275109 ,0.818436 
4.781657 ,2.062079 

0.000410 ,0.000087 
0.152957 ,0.356229 
-0.007667 ,0.722381 
0.109658 ,-0.994748 
-1.279469 ,0.811572 
4.779925 ,2.066119 

0.000412 ,0.000088 
0.138067 ,0.362269 
-0.019429 ,0.722138 
0.119590 ,-0.993598 
-1.283793 ,0.804685 
4.778190 ,2.070158 

0.000414 ,0.000088 
0.122940 ,0.367686 
-0.031185 ,0.721704 
0.129510 ,-0.992349 
-1.288080 ,0.797776 
4.776451 ,2.074195 

0.000415 ,0.000088 
0.107603 ,0.372471 
-0.042933 ,0.721078 
0.139416 ,-0.991001 
-1.292330 ,0.790843 
4.774709 ,2.078231 

0.000417 ,0.000089 
0.092082 ,0.376616 
-0.054670 ,0.720261 
0.149309 ,-0.989554 
-1.296543 ,0.783887 
4.772964 ,2.082265 

0.000419 ,0.000089 
0.076403 ,0.380115 
-0.066392 ,0.719253 
0.159188 ,-0.988008 
-1.300719 ,0.776909 
4.771215 ,2.086298 

0.000420 ,0.000090 
0.060593 ,0.382960 
-0.078096 ,0.718054 
0.169050 ,-0.986364 
-1.304857 ,0.769908 
4.769463 ,2.090329 

0.000422 ,0.000090 
0.044680 ,0.385148 
-0.089780 ,0.716665 
0.178895 ,-0.984621 
-1.308958 ,0.762886 
4.767708 ,2.094358 

0.000424 ,0.000091 
0.028691 ,0.386674 
-0.101439 ,0.715085 
0.188723 ,-0.982780 
-1.313021 ,0.755841 
4.765949 ,2.098387 

0.000425 ,0.000091 
0.012654 ,0.387537 
-0.113072 ,0.713315 
0.198532 ,-0.980841 
-1.317046 ,0.748775 
4.764186 ,2.102413 

0.000427 ,0.000091 
-0.003405 ,0.387734 
-0.124674 ,0.711357 
0.208321 ,-0.978804 
-1.321033 ,0.741687 
4.762421 ,2.106439 

0.000429 ,0.000092 
-0.019457 ,0.387266 
-0.136243 ,0.709209 
0.218090 ,-0.976669 
-1.324983 ,0.734578 
4.760652 ,2.110462 

0.000431 ,0.000092 
-0.035474 ,0.386134 
-0.147776 ,0.706873 
0.227836 ,-0.974437 
-1.328894 ,0.727448 
4.758879 ,2.114485 

0.000432 ,0.000093 
-0.051431 ,0.384339 
-0.159270 ,0.704349 
0.237560 ,-0.972108 
-1.332767 ,0.720297 
4.757104 ,2.118505 

0.000434 ,0.000093 
-0.067298 ,0.381885 
-0.170721 ,0.701639 
0.247261 ,-0.969682 
-1.336602 ,0.713125 
4.755324 ,2.122525 

0.000436 ,0.000093 
-0.083049 ,0.378776 
-0.182126 ,0.698742 
0.256936 ,-0.967159 
-1.340398 ,0.705933 
4.753542 ,2.126542 

0.000437 ,0.000094 
-0.098656 ,0.375018 
-0.193484 ,0.695659 
0.266586 ,-0.964539 
-1.344156 ,0.698721 
4.751756 ,2.130559 

0.000439 ,0.000094 
-0.114094 ,0.370617 
-0.204789 ,0.692392 
0.276210 ,-0.961823 
-1.347875 ,0.691488 
4.749967 ,2.134573 

0.000441 ,0.000095 
-0.129336 ,0.365581 
-0.216040 ,0.688941 
0.285806 ,-0.959011 
-1.351556 ,0.684236 
4.748174 ,2.138587 

0.000442 ,0.000095 
-0.144355 ,0.359918 
-0.227234 ,0.685306 
0.295374 ,-0.956104 
-1.355197 ,0.676963 
4.746378 ,2.142598 

0.000444 ,0.000096 
-0.159126 ,0.353638 
-0.238367 ,0.681490 
0.304912 ,-0.953101 
-1.358800 ,0.669672 
4.744579 ,2.146609 

0.000446 ,0.000096 
-0.173623 ,0.346753 
-0.249437 ,0.677493 
0.314419 ,-0.950002 
-1.362363 ,0.662361 
4.742776 ,2.150617 

0.000448 ,0.000097 
-0.187823 ,0.339274 
-0.260440 ,0.673316 
0.323896 ,-0.946809 
-1.365888 ,0.655031 
4.740970 ,2.154624 

0.000449 ,0.000097 
-0.201699 ,0.331214 
-0.271374 ,0.668960 
0.333340 ,-0.943522 
-1.369373 ,0.647682 
4.739161 ,2.158630 

0.000451 ,0.000097 
-0.215230 ,0.322586 
-0.282236 ,0.664426 
0.342751 ,-0.940140 
-1.372818 ,0.640315 
4.737348 ,2.162634 

0.000453 ,0.000098 
-0.228391 ,0.313407 
-0.293022 ,0.659716 
0.352128 ,-0.936664 
-1.376225 ,0.632929 
4.735532 ,2.166637 

0.000455 ,0.000098 
-0.241160 ,0.303691 
-0.303731 ,0.654830 
0.361469 ,-0.933095 
-1.379591 ,0.625525 
4.733713 ,2.170638 

0.000456 ,0.000099 
-0.253516 ,0.293455 
-0.314359 ,0.649771 
0.370775 ,-0.929433 
-1.382918 ,0.618103 
4.731890 ,2.174637 

0.000458 ,0.000099 
-0.265437 ,0.282717 
-0.324903 ,0.644539 
0.380044 ,-0.925678 
-1.386205 ,0.610664 
4.730064 ,2.178635 

0.000460 ,0.000100 
-0.276903 ,0.271496 
-0.335360 ,0.639135 
0.389274 ,-0.921831 
-1.389453 ,0.603207 
4.728234 ,2.182632 

0.000462 ,0.000100 
-0.287894 ,0.259810 
-0.345729 ,0.633562 
0.398466 ,-0.917891 
-1.392660 ,0.595732 
4.726401 ,2.186627 

0.000463 ,0.000101 
-0.298392 ,0.247679 
-0.356005 ,0.627820 
0.407618 ,-0.913860 
-1.395827 ,0.588240 
4.724565 ,2.190620 

0.000465 ,0.000101 
-0.308379 ,0.235125 
-0.366187 ,0.621911 
0.416730 ,-0.909738 
-1.398954 ,0.580732 
4.722725 ,2.194612 

0.000467 ,0.000101 
-0.317837 ,0.222169 
-0.376271 ,0.615837 
0.425800 ,-0.905524 
-1.402041 ,0.573206 
4.720883 ,2.198602 

0.000469 ,0.000102 
-0.326751 ,0.208834 
-0.386255 ,0.609600 
0.434827 ,-0.901221 
-1.405088 ,0.565665 
4.719036 ,2.202591 

0.000470 ,0.000102 
-0.335105 ,0.195141 
-0.396136 ,0.603200 
0.443812 ,-0.896827 
-1.408094 ,0.558107 
4.717187 ,2.206578 

0.000472 ,0.000103 
-0.342885 ,0.181114 
-0.405911 ,0.596640 
0.452752 ,-0.892344 
-1.411059 ,0.550532 
4.715334 ,2.210563 

0.000474 ,0.000103 
-0.350078 ,0.166778 
-0.415579 ,0.589921 
0.461646 ,-0.887771 
-1.413984 ,0.542943 
4.713478 ,2.214547 

0.000476 ,0.000104 
-0.356671 ,0.152157 
-0.425136 ,0.583046 
0.470495 ,-0.883110 
-1.416869 ,0.535337 
4.711618 ,2.218530 

0.000477 ,0.000104 
-0.362654 ,0.137277 
-0.434580 ,0.576015 
0.479297 ,-0.878361 
-1.419712 ,0.527716 
4.709755 ,2.222510 

0.000479 ,0.000105 
-0.368016 ,0.122161 
-0.443908 ,0.568832 
0.488051 ,-0.873524 
-1.422515 ,0.520080 
4.707889 ,2.226490 

0.000481 ,0.000105 
-0.372749 ,0.106837 
-0.453117 ,0.561497 
0.496756 ,-0.868600 
-1.425277 ,0.512429 
4.706019 ,2.230467 

0.000483 ,0.000106 
-0.376843 ,0.091330 
-0.462207 ,0.554012 
0.505412 ,-0.863589 
-1.427998 ,0.504763 
4.704146 ,2.234443 

0.000485 ,0.000106 
-0.380292 ,0.075668 
-0.471173 ,0.546381 
0.514017 ,-0.858492 
-1.430677 ,0.497083 
4.702270 ,2.238418 

0.000486 ,0.000107 
-0.383090 ,0.059876 
-0.480013 ,0.538604 
0.522571 ,-0.853309 
-1.433316 ,0.489388 
4.700390 ,2.242391 

0.000488 ,0.000107 
-0.385233 ,0.043983 
-0.488726 ,0.530684 
0.531073 ,-0.848041 
-1.435913 ,0.481680 
4.698507 ,2.246362 

0.000490 ,0.000108 
-0.386716 ,0.028014 
-0.497309 ,0.522622 
0.539522 ,-0.842688 
-1.438469 ,0.473957 
4.696621 ,2.250332 

0.000492 ,0.000108 
-0.387537 ,0.011997 
-0.505759 ,0.514422 
0.547917 ,-0.837251 
-1.440984 ,0.466221 
4.694732 ,2.254300 

0.000493 ,0.000109 
-0.387695 ,-0.004040 
-0.514074 ,0.506085 
0.556257 ,-0.831731 
-1.443457 ,0.458472 
4.692839 ,2.258267 

0.000495 ,0.000109 
-0.387190 ,-0.020069 
-0.522253 ,0.497613 
0.564542 ,-0.826127 
-1.445889 ,0.450709 
4.690942 ,2.262232 

0.000497 ,0.000110 
-0.386022 ,-0.036065 
-0.530293 ,0.489009 
0.572771 ,-0.820441 
-1.448279 ,0.442933 
4.689043 ,2.266195 

0.000499 ,0.000110 
-0.384194 ,-0.051998 
-0.538191 ,0.480274 
0.580942 ,-0.814673 
-1.450627 ,0.435145 
4.687140 ,2.270157 

0.000501 ,0.000111 
-0.381707 ,-0.067842 
-0.545946 ,0.471412 
0.589056 ,-0.808823 
-1.452934 ,0.427344 
4.685234 ,2.274117 

0.000503 ,0.000111 
-0.378568 ,-0.083570 
-0.553555 ,0.462425 
0.597110 ,-0.802893 
-1.455199 ,0.419531 
4.683324 ,2.278076 

0.000504 ,0.000112 
-0.374781 ,-0.099156 
-0.561017 ,0.453314 
0.605105 ,-0.796882 
-1.457422 ,0.411705 
4.681412 ,2.282033 

0.000506 ,0.000112 
-0.370352 ,-0.114571 
-0.568330 ,0.444083 
0.613040 ,-0.790792 
-1.459603 ,0.403868 
4.679495 ,2.285988 

0.000508 ,0.000113 
-0.365289 ,-0.129790 
-0.575491 ,0.434734 
0.620914 ,-0.784623 
-1.461742 ,0.396020 
4.677576 ,2.289942 

0.000510 ,0.000113 
-0.359600 ,-0.144788 
-0.582499 ,0.425269 
0.628725 ,-0.778375 
-1.463839 ,0.388159 
4.675653 ,2.293894 

0.000512 ,0.000114 
-0.353296 ,-0.159537 
-0.589351 ,0.415690 
0.636474 ,-0.772050 
-1.465893 ,0.380288 
4.673727 ,2.297844 

0.000514 ,0.000114 
-0.346387 ,-0.174014 
-0.596047 ,0.406002 
0.644159 ,-0.765647 
-1.467906 ,0.372406 
4.671798 ,2.301793 

0.000515 ,0.000115 
-0.338885 ,-0.188193 
-0.602584 ,0.396205 
0.651780 ,-0.759168 
-1.469876 ,0.364513 
4.669865 ,2.305740 

0.000517 ,0.000115 
-0.330802 ,-0.202049 
-0.608960 ,0.386303 
0.659336 ,-0.752613 
-1.471805 ,0.356610 
4.667929 ,2.309686 

0.000519 ,0.000116 
-0.322153 ,-0.215560 
-0.615174 ,0.376297 
0.666826 ,-0.745983 
-1.473690 ,0.348696 
4.665990 ,2.313630 

0.000521 ,0.000116 
-0.312951 ,-0.228702 
-0.621224 ,0.366192 
0.674249 ,-0.739279 
-1.475534 ,0.340772 
4.664047 ,2.317572 

0.000523 ,0.000117 
-0.303214 ,-0.241453 
-0.627109 ,0.355989 
0.681606 ,-0.732500 
-1.477334 ,0.332839 
4.662101 ,2.321513 

0.000525 ,0.000117 
-0.292957 ,-0.253790 
-0.632826 ,0.345692 
0.688894 ,-0.725649 
-1.479093 ,0.324896 
4.660152 ,2.325452 

0.000526 ,0.000118 
-0.282197 ,-0.265693 
-0.638375 ,0.335303 
0.696113 ,-0.718724 
-1.480809 ,0.316944 
4.658200 ,2.329389 

0.000528 ,0.000118 
-0.270954 ,-0.277141 
-0.643754 ,0.324824 
0.703263 ,-0.711728 
-1.482482 ,0.308982 
4.656244 ,2.333325 

0.000530 ,0.000119 
-0.259246 ,-0.288115 
-0.648961 ,0.314259 
0.710343 ,-0.704661 
-1.484112 ,0.301012 
4.654285 ,2.337259 

0.000532 ,0.000119 
-0.247094 ,-0.298595 
-0.653995 ,0.303610 
0.717351 ,-0.697524 
-1.485700 ,0.293033 
4.652322 ,2.341191 

0.000534 ,0.000120 
-0.234517 ,-0.308564 
-0.658855 ,0.292880 
0.724288 ,-0.690316 
-1.487245 ,0.285045 
4.650357 ,2.345122 

0.000536 ,0.000120 
-0.221539 ,-0.318004 
-0.663539 ,0.282073 
0.731153 ,-0.683040 
-1.488747 ,0.277049 
4.648388 ,2.349051 

0.000538 ,0.000121 
-0.208180 ,-0.326899 
-0.668047 ,0.271190 
0.737945 ,-0.675695 
-1.490207 ,0.269046 
4.646415 ,2.352978 

0.000539 ,0.000121 
-0.194463 ,-0.335235 
-0.672376 ,0.260235 
0.744663 ,-0.668283 
-1.491623 ,0.261034 
4.644440 ,2.356904 

0.000541 ,0.000122 
-0.180412 ,-0.342996 
-0.676526 ,0.249211 
0.751307 ,-0.660805 
-1.492997 ,0.253016 
4.642461 ,2.360828 

0.000543 ,0.000122 
-0.166052 ,-0.350169 
-0.680496 ,0.238120 
0.757876 ,-0.653260 
-1.494327 ,0.244989 
4.640479 ,2.364751 

0.000545 ,0.000123 
-0.151406 ,-0.356742 
-0.684285 ,0.226967 
0.764369 ,-0.645649 
-1.495615 ,0.236956 
4.638493 ,2.368671 

0.000547 ,0.000123 
-0.136499 ,-0.362703 
-0.687891 ,0.215752 
0.770786 ,-0.637975 
-1.496860 ,0.228916 
4.636505 ,2.372590 

0.000549 ,0.000124 
-0.121358 ,-0.368042 
-0.691313 ,0.204481 
0.777125 ,-0.630236 
-1.498061 ,0.220870 
4.634513 ,2.376508 

0.000551 ,0.000124 
-0.106007 ,-0.372751 
-0.694552 ,0.193154 
0.783387 ,-0.622435 
-1.499219 ,0.212817 
4.632517 ,2.380423 

0.000553 ,0.000125 
-0.090474 ,-0.376820 
-0.697605 ,0.181777 
0.789571 ,-0.614571 
-1.500334 ,0.204758 
4.630519 ,2.384337 

0.000555 ,0.000125 
-0.074785 ,-0.380242 
-0.700472 ,0.170351 
0.795676 ,-0.606646 
-1.501406 ,0.196693 
4.628517 ,2.388250 

0.000556 ,0.000126 
-0.058967 ,-0.383012 
-0.703153 ,0.158880 
0.801702 ,-0.598660 
-1.502435 ,0.188622 
4.626512 ,2.392160 

0.000558 ,0.000127 
-0.043046 ,-0.385125 
-0.705646 ,0.147366 
0.807648 ,-0.590614 
-1.503421 ,0.180546 
4.624504 ,2.396069 

0.000560 ,0.000127 
-0.027051 ,-0.386577 
-0.707951 ,0.135813 
0.813513 ,-0.582510 
-1.504363 ,0.172465 
4.622492 ,2.399977 

0.000562 ,0.000128 
-0.011008 ,-0.387365 
-0.710068 ,0.124224 
0.819296 ,-0.574347 
-1.505262 ,0.164379 
4.620477 ,2.403882 

0.000564 ,0.000128 
0.005055 ,-0.387488 
-0.711995 ,0.112602 
0.824998 ,-0.566126 
-1.506118 ,0.156288 
4.618459 ,2.407786 

0.000566 ,0.000129 
0.021110 ,-0.386945 
-0.713732 ,0.100950 
0.830617 ,-0.557849 
-1.506930 ,0.148193 
4.616437 ,2.411688 

0.000568 ,0.000129 
0.037129 ,-0.385738 
-0.715279 ,0.089272 
0.836154 ,-0.549517 
-1.507699 ,0.140093 
4.614413 ,2.415589 

0.000570 ,0.000130 
0.053086 ,-0.383868 
-0.716635 ,0.077569 
0.841607 ,-0.541129 
-1.508424 ,0.131989 
4.612385 ,2.419487 

0.000572 ,0.000130 
0.068953 ,-0.381339 
-0.717800 ,0.065846 
0.846976 ,-0.532687 
-1.509106 ,0.123882 
4.610353 ,2.423384 

0.000574 ,0.000131 
0.084702 ,-0.378154 
-0.718774 ,0.054105 
0.852260 ,-0.524192 
-1.509745 ,0.115771 
4.608319 ,2.427280 

0.000576 ,0.000131 
0.100307 ,-0.374320 
-0.719556 ,0.042350 
0.857459 ,-0.515645 
-1.510340 ,0.107656 
4.606281 ,2.431173 

0.000578 ,0.000132 
0.115740 ,-0.369841 
-0.720146 ,0.030584 
0.862573 ,-0.507046 
-1.510892 ,0.099539 
4.604240 ,2.435065 

0.000579 ,0.000133 
0.130975 ,-0.364727 
-0.720544 ,0.018810 
0.867600 ,-0.498396 
-1.511400 ,0.091419 
4.602196 ,2.438955 

0.000581 ,0.000133 
0.145986 ,-0.358986 
-0.720751 ,0.007030 
0.872541 ,-0.489696 
-1.511865 ,0.083296 
4.600148 ,2.442844 

0.000583 ,0.000134 
0.160747 ,-0.352627 
-0.720765 ,-0.004751 
0.877394 ,-0.480948 
-1.512286 ,0.075170 
4.598097 ,2.446730 

0.000585 ,0.000134 
0.175233 ,-0.345661 
-0.720587 ,-0.016531 
0.882160 ,-0.472151 
-1.512664 ,0.067043 
4.596043 ,2.450615 

0.000587 ,0.000135 
0.189418 ,-0.338101 
-0.720216 ,-0.028306 
0.886838 ,-0.463307 
-1.512998 ,0.058914 
4.593986 ,2.454498 

0.000589 ,0.000135 
0.203279 ,-0.329959 
-0.719654 ,-0.040074 
0.891427 ,-0.454417 
-1.513288 ,0.050783 
4.591925 ,2.458380 

0.000591 ,0.000136 
0.216791 ,-0.321249 
-0.718900 ,-0.051832 
0.895927 ,-0.445482 
-1.513535 ,0.042650 
4.589861 ,2.462260 

0.000593 ,0.000136 
0.229930 ,-0.311986 
-0.717954 ,-0.063575 
0.900338 ,-0.436501 
-1.513739 ,0.034516 
4.587794 ,2.466138 

0.000595 ,0.000137 
0.242675 ,-0.302185 
-0.716817 ,-0.075301 
0.904658 ,-0.427478 
-1.513899 ,0.026381 
4.585724 ,2.470014 

0.000597 ,0.000138 
0.255004 ,-0.291864 
-0.715488 ,-0.087008 
0.908888 ,-0.418411 
-1.514015 ,0.018246 
4.583650 ,2.473888 

0.000599 ,0.000138 
0.266894 ,-0.281041 
-0.713969 ,-0.098691 
0.913028 ,-0.409303 
-1.514087 ,0.010110 
4.581574 ,2.477761 

0.000601 ,0.000139 
0.278326 ,-0.269733 
-0.712260 ,-0.110347 
0.917076 ,-0.400153 
-1.514117 ,0.001974 
4.579494 ,2.481632 

0.000603 ,0.000139 
0.289279 ,-0.257961 
-0.710360 ,-0.121975 
0.921033 ,-0.390964 
-1.514102 ,-0.006163 
4.577410 ,2.485501 

0.000605 ,0.000140 
0.299736 ,-0.245744 
-0.708271 ,-0.133569 
0.924897 ,-0.381735 
-1.514044 ,-0.014299 
4.575324 ,2.489369 

0.000607 ,0.000140 
0.309677 ,-0.233104 
-0.705994 ,-0.145128 
0.928670 ,-0.372469 
-1.513942 ,-0.022435 
4.573234 ,2.493234 

0.000609 ,0.000141 
0.319086 ,-0.220062 
-0.703528 ,-0.156649 
0.932349 ,-0.363165 
-1.513797 ,-0.030570 
4.571141 ,2.497098 

0.000611 ,0.000142 
0.327946 ,-0.206641 
-0.700874 ,-0.168128 
0.935935 ,-0.353825 
-1.513608 ,-0.038704 
4.569045 ,2.500961 

0.000613 ,0.000142 
0.336242 ,-0.192863 
-0.698034 ,-0.179561 
0.939428 ,-0.344449 
-1.513376 ,-0.046837 
4.566945 ,2.504821 

0.000615 ,0.000143 
0.343960 ,-0.178753 
-0.695008 ,-0.190947 
0.942827 ,-0.335039 
-1.513100 ,-0.054969 
4.564842 ,2.508680 

0.000617 ,0.000143 
0.351086 ,-0.164334 
-0.691796 ,-0.202283 
0.946132 ,-0.325595 
-1.512780 ,-0.063099 
4.562736 ,2.512536 

0.000619 ,0.000144 
0.357609 ,-0.149632 
-0.688400 ,-0.213564 
0.949342 ,-0.316119 
-1.512417 ,-0.071227 
4.560627 ,2.516392 

0.000621 ,0.000144 
0.363516 ,-0.134672 
-0.684820 ,-0.224788 
0.952457 ,-0.306611 
-1.512011 ,-0.079354 
4.558515 ,2.520245 

0.000623 ,0.000145 
0.368797 ,-0.119479 
-0.681058 ,-0.235952 
0.955477 ,-0.297073 
-1.511560 ,-0.087478 
4.556399 ,2.524096 

0.000625 ,0.000146 
0.373444 ,-0.104081 
-0.677114 ,-0.247054 
0.958402 ,-0.287505 
-1.511067 ,-0.095599 
4.554280 ,2.527946 

0.000627 ,0.000146 
0.377448 ,-0.088502 
-0.672990 ,-0.258089 
0.961231 ,-0.277908 
-1.510530 ,-0.103718 
4.552158 ,2.531794 

0.000629 ,0.000147 
0.380803 ,-0.072771 
-0.668686 ,-0.269056 
0.963964 ,-0.268283 
-1.509949 ,-0.111834 
4.550033 ,2.535640 

0.000631 ,0.000147 
0.383502 ,-0.056914 
-0.664204 ,-0.279951 
0.966600 ,-0.258631 
-1.509325 ,-0.119946 
4.547904 ,2.539485 

0.000633 ,0.000148 
0.385541 ,-0.040959 
-0.659545 ,-0.290772 
0.969140 ,-0.248954 
-1.508657 ,-0.128055 
4.545773 ,2.543327 

0.000635 ,0.000149 
0.386917 ,-0.024933 
-0.654710 ,-0.301515 
0.971583 ,-0.239252 
-1.507946 ,-0.136161 
4.543638 ,2.547168 

0.000637 ,0.000149 
0.387627 ,-0.008863 
-0.649700 ,-0.312177 
0.973929 ,-0.229525 
-1.507192 ,-0.144262 
4.541500 ,2.551007 

0.000639 ,0.000150 
0.387669 ,0.007222 
-0.644518 ,-0.322757 
0.976178 ,-0.219776 
-1.506394 ,-0.152360 
4.539358 ,2.554844 

0.000641 ,0.000150 
0.387044 ,0.023294 
-0.639163 ,-0.333250 
0.978329 ,-0.210005 
-1.505553 ,-0.160452 
4.537214 ,2.558679 

0.000643 ,0.000151 
0.385753 ,0.039327 
-0.633638 ,-0.343655 
0.980382 ,-0.200212 
-1.504668 ,-0.168541 
4.535066 ,2.562513 

0.000645 ,0.000152 
0.383799 ,0.055293 
-0.627945 ,-0.353968 
0.982338 ,-0.190400 
-1.503741 ,-0.176624 
4.532915 ,2.566345 

0.000647 ,0.000152 
0.381183 ,0.071163 
-0.622083 ,-0.364187 
0.984195 ,-0.180569 
-1.502770 ,-0.184702 
4.530760 ,2.570174 

0.000649 ,0.000153 
0.377912 ,0.086911 
-0.616057 ,-0.374309 
0.985954 ,-0.170719 
-1.501755 ,-0.192776 
4.528603 ,2.574003 

0.000651 ,0.000153 
0.373990 ,0.102509 
-0.609865 ,-0.384331 
0.987615 ,-0.160853 
-1.500698 ,-0.200843 
4.526442 ,2.577829 

0.000653 ,0.000154 
0.369425 ,0.117931 
-0.603512 ,-0.394251 
0.989176 ,-0.150970 
-1.499597 ,-0.208905 
4.524279 ,2.581653 

0.000655 ,0.000155 
0.364224 ,0.133150 
-0.596997 ,-0.404066 
0.990639 ,-0.141072 
-1.498453 ,-0.216960 
4.522112 ,2.585476 

0.000657 ,0.000155 
0.358396 ,0.148139 
-0.590323 ,-0.413773 
0.992003 ,-0.131160 
-1.497266 ,-0.225010 
4.519941 ,2.589297 

0.000659 ,0.000156 
0.351952 ,0.162874 
-0.583492 ,-0.423370 
0.993268 ,-0.121235 
-1.496036 ,-0.233053 
4.517768 ,2.593116 

0.000661 ,0.000156 
0.344903 ,0.177328 
-0.576506 ,-0.432854 
0.994433 ,-0.111298 
-1.494762 ,-0.241089 
4.515591 ,2.596933 

0.000663 ,0.000157 
0.337260 ,0.191477 
-0.569366 ,-0.442223 
0.995499 ,-0.101350 
-1.493446 ,-0.249118 
4.513411 ,2.600748 

0.000665 ,0.000158 
0.329037 ,0.205296 
-0.562074 ,-0.451474 
0.996466 ,-0.091391 
-1.492087 ,-0.257140 
4.511228 ,2.604561 

0.000667 ,0.000158 
0.320249 ,0.218762 
-0.554632 ,-0.460605 
0.997333 ,-0.081423 
-1.490684 ,-0.265155 
4.509042 ,2.608373 

0.000670 ,0.000159 
0.310910 ,0.231851 
-0.547043 ,-0.469614 
0.998100 ,-0.071448 
-1.489239 ,-0.273162 
4.506853 ,2.612183 

0.000672 ,0.000159 
0.301037 ,0.244541 
-0.539307 ,-0.478497 
0.998768 ,-0.061465 
-1.487751 ,-0.281161 
4.504660 ,2.615991 

0.000674 ,0.000160 
0.290646 ,0.256810 
-0.531428 ,-0.487253 
0.999336 ,-0.051476 
-1.486220 ,-0.289153 
4.502464 ,2.619797 

0.000676 ,0.000161 
0.279756 ,0.268638 
-0.523408 ,-0.495879 
0.999804 ,-0.041481 
-1.484647 ,-0.297135 
4.500265 ,2.623601 

0.000678 ,0.000161 
0.268386 ,0.280003 
-0.515248 ,-0.504373 
1.000172 ,-0.031483 
-1.483031 ,-0.305110 
4.498063 ,2.627403 

0.000680 ,0.000162 
0.256554 ,0.290886 
-0.506950 ,-0.512733 
1.000440 ,-0.021481 
-1.481371 ,-0.313075 
4.495858 ,2.631204 

